function pixels = cern128()
% Image size: [128 x 128]
pixels = [ 4 4 4 4 4 4 5 5 5 ...
 5 5 5 5 5 5 5 5 ...
 5 5 5 5 5 5 5 5 ...
 5 5 5 5 5 5 5 5 ...
 5 5 5 5 5 5 5 5 ...
 5 5 5 5 5 5 5 5 ...
 5 5 5 5 5 5 5 5 ...
 5 5 5 5 5 5 5 5 ...
 5 5 5 5 5 5 5 5 ...
 5 5 5 5 5 5 5 5 ...
 5 5 5 5 5 5 5 5 ...
 5 5 5 5 5 5 5 5 ...
 5 5 5 5 5 5 5 5 ...
 5 5 5 5 5 5 5 5 ...
 5 4 4 4 4 4 4 4 ...
 4 4 4 4 4 3 0;
 5 5 5 5 5 5 5 5 5 ...
 5 5 5 5 5 5 5 5 ...
 5 5 5 5 5 5 5 5 ...
 5 5 5 5 5 5 5 5 ...
 5 5 6 6 6 6 6 6 ...
 6 6 6 6 5 6 6 5 ...
 6 5 5 6 5 5 5 6 ...
 6 5 5 6 5 5 5 5 ...
 5 5 5 5 5 5 5 5 ...
 5 5 5 5 5 5 5 5 ...
 5 5 5 5 5 5 5 5 ...
 5 5 5 5 5 5 5 5 ...
 5 5 5 5 5 5 5 5 ...
 5 5 5 5 5 5 5 5 ...
 5 5 5 5 5 5 4 4 ...
 4 4 4 4 4 4 0;
 5 5 5 5 5 5 5 5 5 ...
 5 6 6 6 6 6 6 6 ...
 6 6 6 6 6 6 6 6 ...
 6 6 6 6 6 6 6 6 ...
 6 6 6 6 6 6 6 6 ...
 6 6 6 6 6 6 6 6 ...
 6 6 6 6 6 6 6 6 ...
 6 6 6 6 6 6 6 6 ...
 6 6 6 6 6 6 6 6 ...
 6 6 6 6 6 6 6 6 ...
 6 6 6 6 6 6 6 6 ...
 6 6 6 6 6 6 6 6 ...
 6 6 6 6 6 6 6 6 ...
 6 5 5 5 5 5 5 5 ...
 5 5 5 5 5 5 5 5 ...
 5 5 4 4 4 4 0;
 6 6 6 6 6 6 7 7 7 ...
 7 7 7 7 7 7 7 7 ...
 7 7 7 7 7 7 7 7 ...
 7 7 7 7 7 7 7 7 ...
 7 7 7 7 7 7 7 7 ...
 7 7 7 7 7 7 7 7 ...
 7 7 7 7 7 7 7 7 ...
 7 7 7 7 7 7 7 7 ...
 7 7 7 7 7 7 6 7 ...
 7 7 7 7 7 7 7 7 ...
 7 7 7 7 7 7 7 7 ...
 7 7 7 7 7 7 7 7 ...
 7 7 7 7 7 7 7 6 ...
 6 6 6 6 6 6 6 6 ...
 6 6 6 6 6 6 6 6 ...
 5 5 5 5 5 5 0;
 60 68 67 66 68 68 69 69 67 ...
 70 70 70 70 67 69 70 69 ...
 69 68 68 66 69 69 67 65 ...
 67 67 67 65 65 65 66 65 ...
 65 65 66 65 63 65 64 63 ...
 62 61 61 61 60 60 58 57 ...
 57 57 57 56 56 57 56 55 ...
 55 54 54 56 55 54 54 54 ...
 53 53 53 51 49 23 16 41 ...
 48 47 47 44 41 37 43 46 ...
 45 45 45 45 44 44 43 43 ...
 42 41 41 41 40 39 39 38 ...
 37 36 36 35 35 34 34 33 ...
 31 31 31 31 32 29 29 31 ...
 28 29 29 29 27 27 27 28 ...
 28 28 28 28 27 27 0;
 160 190 190 187 192 189 194 195 195 ...
 195 189 193 189 186 191 194 196 ...
 190 193 181 176 190 185 192 196 ...
 200 193 193 192 195 193 198 188 ...
 189 187 187 191 192 194 195 200 ...
 192 184 196 191 187 199 195 195 ...
 195 192 190 187 190 185 192 195 ...
 187 181 194 197 195 202 204 204 ...
 199 200 189 193 193 72 47 164 ...
 192 192 191 190 184 168 170 189 ...
 185 181 176 171 174 177 172 174 ...
 182 181 173 177 184 183 183 181 ...
 180 177 176 174 173 170 168 163 ...
 159 162 163 163 157 148 146 152 ...
 157 156 159 160 159 160 159 157 ...
 158 157 157 159 158 158 0;
 175 198 197 198 198 197 199 200 202 ...
 204 204 206 208 208 209 210 209 ...
 210 209 209 209 208 211 213 214 ...
 216 218 218 221 220 221 219 216 ...
 216 215 214 212 211 210 210 210 ...
 209 210 210 210 211 210 210 208 ...
 208 207 208 208 207 208 208 208 ...
 209 209 211 214 215 217 219 221 ...
 221 221 219 216 210 77 51 180 ...
 212 212 211 212 212 212 211 212 ...
 213 210 208 206 208 207 206 207 ...
 208 205 202 205 207 206 204 203 ...
 204 202 200 199 198 196 196 195 ...
 192 193 192 195 189 189 190 188 ...
 191 190 191 192 192 192 189 187 ...
 185 186 185 186 186 187 0;
 174 197 196 193 193 193 195 195 197 ...
 198 199 199 202 201 203 204 207 ...
 208 208 208 209 209 210 211 213 ...
 216 217 218 219 220 221 221 219 ...
 217 216 216 216 216 215 214 213 ...
 211 209 208 207 207 206 207 205 ...
 206 206 205 206 206 207 206 206 ...
 207 209 211 212 213 217 218 219 ...
 221 221 220 219 209 76 54 183 ...
 213 213 213 213 213 214 215 215 ...
 216 215 213 212 211 211 210 208 ...
 207 208 207 206 206 205 204 204 ...
 202 202 201 199 198 198 198 198 ...
 198 196 196 196 196 197 195 193 ...
 194 193 194 193 192 193 192 189 ...
 188 189 188 187 188 189 1;
 174 196 195 192 192 192 193 193 195 ...
 196 195 195 196 196 198 200 202 ...
 204 204 205 206 206 208 209 210 ...
 212 214 216 218 218 219 220 219 ...
 217 216 217 216 216 217 216 215 ...
 215 212 211 211 210 209 208 206 ...
 206 205 205 204 204 205 205 205 ...
 207 206 208 210 210 213 215 216 ...
 219 219 219 219 208 73 54 185 ...
 215 214 214 213 212 214 215 213 ...
 214 215 215 213 213 212 210 208 ...
 209 209 207 206 206 204 204 202 ...
 202 202 202 199 199 199 198 197 ...
 197 196 195 196 196 196 196 194 ...
 193 192 191 191 190 189 189 189 ...
 188 188 187 188 188 188 11;
 174 197 198 197 197 196 197 195 195 ...
 195 196 196 197 196 197 200 199 ...
 200 202 203 204 205 207 208 210 ...
 210 211 213 215 215 216 217 217 ...
 215 213 213 215 214 215 214 212 ...
 212 210 208 209 208 207 208 207 ...
 207 205 206 207 205 206 206 206 ...
 207 207 208 210 209 212 214 213 ...
 215 218 219 219 204 68 53 185 ...
 214 213 213 213 211 211 213 213 ...
 215 214 214 215 213 213 211 211 ...
 210 208 206 207 206 204 204 205 ...
 203 203 203 201 201 200 199 198 ...
 197 196 195 196 196 195 195 194 ...
 193 192 191 191 189 187 186 185 ...
 185 185 185 186 186 187 28;
 176 199 200 202 201 200 199 200 200 ...
 199 199 198 198 198 198 199 199 ...
 199 201 203 204 203 205 205 204 ...
 207 207 209 211 211 212 214 214 ...
 213 211 213 213 211 212 211 209 ...
 209 207 204 206 205 205 206 206 ...
 207 204 204 205 204 205 206 207 ...
 207 206 207 209 209 211 212 212 ...
 214 217 218 219 203 64 55 187 ...
 214 213 212 214 212 212 212 213 ...
 214 214 215 215 214 215 212 211 ...
 210 207 206 208 207 205 205 204 ...
 204 204 203 201 202 201 200 199 ...
 198 198 196 196 197 197 197 194 ...
 193 192 191 190 187 186 185 184 ...
 183 184 183 184 184 185 26;
 180 203 204 204 202 202 203 203 206 ...
 206 205 204 205 202 203 202 201 ...
 201 202 201 202 202 203 204 203 ...
 203 205 206 207 207 208 211 210 ...
 211 210 210 209 208 209 209 208 ...
 208 206 204 205 204 204 205 204 ...
 204 202 204 204 204 205 205 206 ...
 206 207 207 207 208 210 211 212 ...
 214 215 216 218 200 63 58 187 ...
 212 211 210 211 209 210 211 212 ...
 213 213 213 213 212 212 210 210 ...
 207 206 204 206 204 204 204 202 ...
 203 203 202 200 200 199 198 198 ...
 198 197 197 198 197 196 195 192 ...
 192 192 190 190 187 185 185 184 ...
 184 183 183 184 185 186 22;
 182 204 204 205 204 204 207 208 209 ...
 210 210 210 211 210 210 208 207 ...
 208 207 205 205 204 205 205 205 ...
 204 203 203 204 203 205 205 205 ...
 207 207 206 204 204 205 205 205 ...
 204 204 202 203 203 203 203 202 ...
 202 202 202 203 204 205 203 204 ...
 206 206 207 209 208 210 212 212 ...
 213 213 215 216 197 60 56 185 ...
 211 209 209 208 207 208 209 209 ...
 211 210 211 210 209 210 207 205 ...
 203 203 201 202 201 200 200 198 ...
 199 198 197 197 196 195 194 195 ...
 194 194 193 195 195 194 192 192 ...
 190 190 190 188 186 185 185 185 ...
 186 185 184 186 185 186 21;
 182 207 207 207 206 206 208 209 211 ...
 212 212 212 212 211 212 210 209 ...
 210 211 211 213 210 211 212 211 ...
 212 210 208 208 206 206 205 204 ...
 204 204 203 203 201 201 201 201 ...
 201 200 198 201 199 201 202 202 ...
 202 200 200 202 202 203 203 204 ...
 205 206 208 209 210 212 213 213 ...
 214 215 215 215 192 55 58 186 ...
 209 208 207 207 205 205 207 206 ...
 207 206 205 204 204 203 202 201 ...
 199 197 196 196 195 195 195 194 ...
 194 194 194 193 192 191 190 190 ...
 190 190 190 191 191 191 190 189 ...
 188 188 187 188 186 187 188 188 ...
 189 189 188 189 188 186 22;
 185 210 208 207 205 206 207 209 211 ...
 212 214 213 212 211 214 213 211 ...
 211 210 210 211 210 211 213 215 ...
 216 214 206 200 192 201 211 209 ...
 209 206 205 204 205 205 203 202 ...
 201 200 198 201 200 202 202 200 ...
 202 200 201 200 200 203 203 203 ...
 205 206 208 209 209 212 212 212 ...
 213 214 216 216 188 51 59 186 ...
 206 205 205 205 205 205 204 204 ...
 204 202 202 201 199 199 197 195 ...
 193 192 192 191 192 192 192 190 ...
 190 190 190 189 188 188 186 187 ...
 188 188 188 189 188 189 190 187 ...
 187 187 187 188 188 189 190 190 ...
 191 190 190 190 189 189 22;
 185 208 208 207 204 203 206 207 209 ...
 210 210 210 211 208 209 209 207 ...
 205 204 204 205 204 204 206 206 ...
 206 206 183 175 189 205 212 212 ...
 211 212 211 210 209 210 208 207 ...
 206 204 202 204 204 205 205 202 ...
 203 204 203 203 203 205 205 206 ...
