function pixels = few128()
% Image size: [128 x 128]
pixels = [ 155 154 155 158 159 163 164 166 167 ...
 169 170 172 174 176 176 177 177 ...
 179 179 181 182 184 186 186 188 ...
 190 191 194 192 193 194 196 197 ...
 196 200 198 198 200 201 202 201 ...
 203 203 202 203 202 206 205 204 ...
 200 200 200 202 202 205 207 209 ...
 207 210 210 211 207 207 206 204 ...
 206 206 205 207 209 210 209 210 ...
 210 209 213 213 208 211 210 207 ...
 208 207 207 210 208 209 208 208 ...
 208 207 207 207 205 208 208 204 ...
 204 205 204 201 201 200 199 197 ...
 197 198 197 196 197 196 195 194 ...
 194 193 194 191 190 189 189 189 ...
 188 187 186 185 184 184 187;
 154 154 157 158 162 163 165 167 167 ...
 169 170 172 172 176 175 178 179 ...
 178 179 181 182 184 186 187 188 ...
 191 191 193 193 192 195 197 197 ...
 197 198 198 198 201 201 201 204 ...
 204 204 203 204 205 206 205 201 ...
 201 202 201 203 203 207 209 211 ...
 209 211 211 210 208 208 207 204 ...
 205 205 206 207 208 209 210 213 ...
 211 210 213 213 211 212 211 210 ...
 210 208 209 210 211 210 209 208 ...
 208 208 207 207 207 208 206 207 ...
 204 205 206 203 204 201 199 198 ...
 198 201 198 198 197 197 196 195 ...
 194 194 194 192 191 191 189 189 ...
 189 187 187 187 184 184 208;
 153 155 157 158 161 164 164 165 167 ...
 169 170 172 171 175 175 177 178 ...
 180 178 180 182 184 185 187 188 ...
 190 192 193 194 194 193 195 198 ...
 197 199 200 201 202 201 203 205 ...
 205 204 205 204 205 207 206 203 ...
 203 204 205 205 207 207 210 210 ...
 211 211 211 211 209 208 208 206 ...
 208 207 207 205 206 209 211 212 ...
 213 212 214 213 214 213 214 213 ...
 211 211 210 212 211 211 210 209 ...
 209 209 208 208 208 209 207 207 ...
 206 207 205 205 204 202 201 200 ...
 199 200 198 197 198 196 198 195 ...
 195 194 193 193 192 192 191 188 ...
 188 188 187 187 186 186 210;
 153 155 156 157 160 162 163 165 166 ...
 167 169 171 172 174 174 176 177 ...
 178 179 180 182 182 185 186 187 ...
 188 191 192 193 195 194 196 197 ...
 199 199 201 201 202 202 204 205 ...
 205 204 203 205 206 208 206 205 ...
 204 206 207 207 209 208 210 210 ...
 210 212 212 211 209 210 208 208 ...
 208 206 206 204 206 208 210 214 ...
 213 213 214 215 213 212 213 214 ...
 212 212 213 213 213 212 211 211 ...
 209 209 209 209 210 209 207 208 ...
 207 206 204 207 203 202 202 201 ...
 200 200 198 198 197 197 194 196 ...
 196 195 192 194 193 194 191 190 ...
 190 189 187 187 187 187 210;
 150 154 156 157 160 161 163 164 165 ...
 167 170 170 171 174 174 175 176 ...
 178 177 179 181 181 182 185 186 ...
 187 188 190 193 194 194 196 196 ...
 200 199 202 201 203 203 203 204 ...
 205 204 203 205 205 208 206 207 ...
 205 206 208 208 208 210 208 210 ...
 210 211 213 210 208 208 209 208 ...
 209 205 204 205 205 209 212 213 ...
 214 215 215 216 215 214 214 213 ...
 214 213 215 213 212 213 212 210 ...
 207 208 210 210 211 209 208 208 ...
 208 209 207 207 205 204 204 203 ...
 202 201 201 198 200 198 195 198 ...
 196 198 196 195 193 195 193 192 ...
 191 190 189 188 188 188 210;
 150 152 154 156 157 161 162 163 165 ...
 166 168 169 171 172 172 173 175 ...
 176 177 178 179 181 182 183 185 ...
 187 186 188 192 193 194 195 196 ...
 198 198 202 202 204 203 205 203 ...
 204 203 204 203 206 205 207 207 ...
 207 206 208 206 208 208 208 210 ...
 209 211 210 208 208 206 208 209 ...
 209 206 206 204 206 210 212 213 ...
 215 216 218 217 216 215 215 216 ...
 213 214 214 214 213 212 211 208 ...
 206 208 208 210 211 211 210 208 ...
 209 209 208 207 207 204 204 203 ...
 202 203 200 200 199 198 197 197 ...
 197 196 197 195 195 195 194 194 ...
 191 190 189 191 187 189 209;
 148 149 155 155 156 159 160 162 165 ...
 165 168 167 168 172 170 172 173 ...
 174 178 177 178 180 181 182 184 ...
 185 187 186 190 190 193 193 195 ...
 197 198 202 201 203 204 203 202 ...
 203 202 203 205 206 205 204 207 ...
 207 206 207 205 207 206 208 209 ...
 209 209 210 208 209 207 206 209 ...
 209 209 206 206 208 209 213 214 ...
 215 217 218 218 216 215 216 215 ...
 214 214 213 213 213 212 213 208 ...
 209 210 207 208 210 212 210 208 ...
 209 208 208 208 208 206 204 204 ...
 203 202 201 202 200 200 199 198 ...
 198 197 197 195 195 195 194 194 ...
 192 191 191 190 189 189 210;
 148 149 154 154 154 158 160 161 163 ...
 164 165 166 168 168 170 172 172 ...
 172 176 175 176 179 179 180 183 ...
 183 186 185 188 190 193 194 195 ...
 196 198 200 201 200 201 201 202 ...
 203 203 204 206 205 206 205 205 ...
 204 206 206 205 206 207 207 207 ...
 207 207 209 207 208 207 207 209 ...
 211 211 208 209 211 210 214 216 ...
 215 217 218 217 217 216 216 214 ...
 214 214 213 213 212 212 213 210 ...
 210 210 210 210 210 209 209 209 ...
 211 210 208 210 207 207 206 205 ...
 205 204 202 202 200 201 199 200 ...
 198 198 197 196 197 195 195 193 ...
 194 192 191 190 188 190 211;
 149 149 152 154 154 156 158 161 161 ...
 162 164 165 167 167 168 171 169 ...
 172 174 175 175 176 179 179 182 ...
 183 184 185 186 191 192 192 194 ...
 197 197 198 199 200 198 201 202 ...
 203 205 204 204 206 206 204 203 ...
 205 206 208 205 207 207 205 206 ...
 207 209 207 207 208 209 208 210 ...
 214 212 211 213 213 214 216 217 ...
 215 217 216 216 216 215 215 215 ...
 213 213 213 212 213 213 213 213 ...
 212 211 211 211 210 209 210 210 ...
 210 211 210 211 210 208 207 206 ...
 206 206 203 204 201 201 201 200 ...
 197 199 200 197 198 197 197 195 ...
 194 191 193 191 190 190 212;
 146 148 150 152 153 155 157 159 162 ...
 162 164 166 167 167 166 169 169 ...
 171 172 174 175 176 177 177 180 ...
 181 182 186 187 190 191 192 192 ...
 194 195 196 198 199 200 202 202 ...
 202 204 205 206 206 205 204 203 ...
 206 206 208 205 206 208 207 207 ...
 208 208 207 207 208 209 209 210 ...
 215 214 213 215 216 215 216 215 ...
 215 215 216 216 216 215 214 215 ...
 212 213 214 213 212 214 213 214 ...
 214 212 212 212 213 212 212 212 ...
 212 212 210 210 210 209 207 207 ...
 207 207 207 206 204 203 202 201 ...
 200 201 201 200 199 199 197 197 ...
 195 192 194 192 190 191 214;
 146 147 149 152 151 154 156 157 160 ...
 161 162 164 165 165 167 168 169 ...
 170 170 173 173 173 175 177 178 ...
 181 183 183 186 188 188 188 190 ...
 191 194 197 197 199 200 202 202 ...
 202 203 204 206 205 204 203 203 ...
 206 206 206 206 209 208 208 207 ...
 208 208 208 206 208 209 211 215 ...
 216 216 215 214 218 217 217 214 ...
 214 214 215 216 216 215 213 214 ...
 213 213 213 214 212 213 213 214 ...
 214 215 213 214 213 214 213 213 ...
 212 213 211 212 211 210 208 208 ...
 208 208 208 207 205 204 204 202 ...
 202 201 200 201 201 200 197 199 ...
 196 194 192 192 190 191 215;
 146 146 148 150 150 153 155 157 158 ...
 160 161 162 163 164 167 166 167 ...
 167 168 170 173 172 174 176 175 ...
 178 182 183 185 186 187 187 189 ...
 190 194 196 197 198 199 200 200 ...
 201 202 204 204 203 203 206 205 ...
 206 206 206 206 209 209 208 209 ...
 209 211 208 208 211 213 214 215 ...
 218 218 217 215 218 216 217 215 ...
 214 214 215 216 216 215 213 213 ...
 213 213 214 214 214 214 213 214 ...
 214 216 215 217 213 214 215 214 ...
 210 214 213 213 210 211 209 209 ...
 207 210 210 208 207 207 204 204 ...
 204 202 201 201 202 201 197 199 ...
 196 195 194 195 193 191 216;
 145 145 147 149 149 151 154 155 157 ...
 157 159 161 162 162 165 164 166 ...
 165 168 169 170 171 174 175 175 ...
 178 180 181 184 184 185 186 188 ...
 190 193 195 196 197 198 198 199 ...
 200 203 202 203 204 204 207 204 ...
 206 207 208 207 207 208 208 210 ...
 211 212 210 210 215 214 215 215 ...
 217 216 217 216 216 215 217 215 ...
 216 214 214 216 218 216 214 213 ...
 213 214 215 214 214 217 215 215 ...
 216 216 216 217 216 216 212 214 ...
 212 214 211 212 210 211 209 208 ...
 210 211 210 210 208 208 207 204 ...
 203 205 202 201 201 201 199 199 ...
 197 195 195 194 193 192 214;
 142 145 145 147 148 150 153 153 155 ...
 155 159 160 162 162 164 164 165 ...
 165 168 167 169 169 172 173 175 ...
 174 178 180 183 184 185 186 189 ...
 191 192 194 193 196 197 201 199 ...
 200 202 201 203 202 205 206 203 ...
 206 207 207 208 207 205 208 212 ...
