function pixels = genevepark128()
% Image size: [128 x 128]
pixels = [ 0 0 0 0 0 0 0 0 0 ...
 0 0 0 0 0 0 0 0 ...
 0 0 0 0 0 0 0 0 ...
 0 0 0 0 0 0 0 0 ...
 0 0 0 0 0 0 0 0 ...
 0 0 0 0 0 0 0 0 ...
 0 0 0 0 0 0 0 0 ...
 0 0 0 1 1 1 1 1 ...
 1 1 1 1 1 1 1 1 ...
 1 1 1 1 1 1 1 1 ...
 1 0 0 0 0 0 0 0 ...
 0 0 0 0 0 0 0 0 ...
 0 0 0 0 0 0 0 0 ...
 0 0 0 0 0 1 1 1 ...
 1 1 1 1 1 1 1 1 ...
 1 1 0 0 0 0 0;
 0 0 0 0 0 0 0 0 0 ...
 0 0 0 0 0 0 0 0 ...
 0 0 0 0 0 0 0 0 ...
 0 0 0 0 0 0 0 0 ...
 0 0 0 0 0 0 0 0 ...
 0 0 0 0 0 0 0 0 ...
 0 0 0 0 0 0 0 0 ...
 1 1 1 1 1 1 1 1 ...
 1 1 1 1 1 1 1 1 ...
 1 1 1 1 1 1 1 1 ...
 1 1 1 0 0 0 0 0 ...
 0 0 0 0 0 0 0 0 ...
 0 0 0 0 0 0 0 0 ...
 0 0 0 0 0 1 1 1 ...
 1 1 1 1 1 1 1 1 ...
 1 1 1 1 0 0 0;
 0 0 0 0 0 0 0 0 0 ...
 0 0 0 0 0 0 0 0 ...
 0 0 0 0 0 0 0 0 ...
 0 0 0 0 0 0 0 0 ...
 0 0 0 0 0 0 0 0 ...
 0 0 0 0 0 0 0 0 ...
 0 0 0 0 0 0 0 1 ...
 1 1 1 1 1 1 1 1 ...
 1 1 1 1 1 1 1 1 ...
 1 1 1 1 1 1 1 1 ...
 1 1 1 1 0 0 0 0 ...
 0 0 0 0 0 0 0 0 ...
 0 0 0 0 0 0 0 0 ...
 0 0 0 0 1 1 1 1 ...
 1 1 1 1 1 1 1 1 ...
 1 1 1 1 1 1 0;
 0 0 0 0 0 0 0 0 0 ...
 0 0 0 0 0 0 0 0 ...
 0 0 0 0 0 0 0 0 ...
 0 0 0 0 0 0 0 0 ...
 0 0 0 0 0 0 0 0 ...
 0 0 0 0 0 0 0 0 ...
 0 0 0 0 1 1 1 1 ...
 1 1 1 1 1 1 1 1 ...
 1 1 1 1 1 1 1 1 ...
 1 1 1 1 1 1 1 1 ...
 1 1 1 1 1 1 1 1 ...
 0 0 0 0 0 0 0 0 ...
 0 0 0 0 0 0 0 0 ...
 0 0 1 1 1 1 1 1 ...
 1 1 1 1 1 1 1 1 ...
 1 1 1 1 1 1 0;
 0 0 0 0 1 1 1 1 0 ...
 0 0 0 0 0 0 0 0 ...
 0 0 0 0 0 0 0 0 ...
 0 0 0 0 0 0 0 0 ...
 0 0 0 1 1 0 0 0 ...
 0 0 0 0 0 1 1 1 ...
 1 1 1 1 1 1 1 1 ...
 1 1 1 1 1 1 1 1 ...
 2 2 3 4 3 4 4 3 ...
 2 2 2 2 2 3 2 1 ...
 1 1 1 1 1 1 1 1 ...
 1 1 1 1 1 1 1 1 ...
 1 1 1 1 1 1 1 1 ...
 1 1 1 1 2 2 2 2 ...
 2 2 2 2 2 2 2 1 ...
 1 1 1 1 1 1 0;
 6 3 1 5 11 10 10 8 10 ...
 9 2 1 1 1 1 1 1 ...
 1 1 2 5 5 4 2 1 ...
 1 1 1 1 1 1 1 1 ...
 2 1 2 15 15 3 1 1 ...
 1 1 1 1 1 3 7 4 ...
 7 18 13 12 9 11 10 10 ...
 27 27 6 5 3 6 9 6 ...
 16 27 82 102 92 95 79 52 ...
 21 19 33 42 41 59 31 22 ...
 13 7 12 11 19 8 14 4 ...
 5 7 2 5 4 7 5 3 ...
 4 5 4 6 11 4 7 9 ...
 7 10 19 38 44 44 44 43 ...
 41 41 43 43 43 42 38 25 ...
 22 23 29 19 15 26 0;
 13 7 6 16 12 11 20 18 23 ...
 23 3 1 1 1 1 1 1 ...
 2 3 4 8 12 15 8 3 ...
 5 4 1 1 1 1 1 2 ...
 2 1 1 12 15 6 1 1 ...
 1 3 3 2 1 7 13 5 ...
 8 19 17 25 23 19 14 18 ...
 47 43 8 14 15 10 15 9 ...
 36 50 169 216 207 196 100 48 ...
 45 36 42 25 38 117 97 50 ...
 29 12 22 25 36 30 33 10 ...
 12 10 11 11 13 15 8 5 ...
 7 7 10 19 16 7 7 17 ...
 17 17 28 64 83 67 56 80 ...
 83 89 90 91 90 89 85 67 ...
 60 73 51 45 38 34 0;
 22 15 7 2 11 19 16 14 11 ...
 3 2 2 2 2 1 1 1 ...
 1 3 4 4 7 9 11 10 ...
 16 14 4 1 1 1 1 1 ...
 1 1 1 2 3 1 1 1 ...
 4 10 6 2 2 2 7 4 ...
 4 9 13 9 24 25 23 17 ...
 53 66 6 9 10 10 27 24 ...
 27 74 132 212 212 193 75 31 ...
 43 37 14 11 16 59 59 51 ...
 18 7 10 12 17 25 21 10 ...
 23 17 16 21 40 28 11 7 ...
 10 10 15 18 9 8 7 8 ...
 16 21 11 29 50 31 26 49 ...
 66 54 54 92 104 103 100 102 ...
 138 143 103 68 57 21 2;
 7 5 9 4 3 4 3 3 2 ...
 1 3 9 6 3 1 1 1 ...
 2 3 3 2 7 18 19 14 ...
 16 10 4 1 1 1 1 1 ...
 1 1 3 2 1 2 4 1 ...
 8 10 6 5 3 3 2 2 ...
 3 9 17 6 17 15 21 25 ...
 42 45 25 6 3 12 43 24 ...
 34 105 186 203 201 158 28 14 ...
 18 17 20 8 9 15 16 43 ...
 49 8 7 11 28 18 13 13 ...
 16 14 13 18 27 23 6 4 ...
 5 5 8 5 3 4 7 6 ...
 10 11 9 19 52 48 72 48 ...
 56 49 72 115 147 138 131 155 ...
 164 146 108 86 33 47 10;
 1 2 4 2 1 1 1 1 1 ...
 2 3 7 2 1 1 1 2 ...
 2 5 8 2 6 14 17 11 ...
 6 4 6 1 1 1 1 1 ...
 1 1 7 3 1 11 26 5 ...
 13 15 9 10 6 3 2 3 ...
 2 2 3 3 12 7 9 20 ...
 63 57 24 4 3 13 65 23 ...
 19 132 183 186 169 102 18 13 ...
 15 17 21 10 9 14 16 112 ...
 120 13 5 9 36 51 23 14 ...
 18 15 9 9 16 13 5 7 ...
 4 8 6 4 5 3 6 17 ...
 11 9 8 42 63 45 83 62 ...
 26 32 61 90 134 91 75 118 ...
 66 113 84 56 24 41 15;
 1 1 1 1 1 1 1 1 1 ...
 1 5 10 2 1 1 4 3 ...
 2 4 6 2 2 5 10 9 ...
 6 11 7 1 1 1 1 1 ...
 1 1 1 1 1 11 31 8 ...
 14 12 10 8 11 8 3 8 ...
 11 5 2 2 5 7 8 16 ...
 25 36 20 4 3 8 24 13 ...
 6 53 156 174 108 45 16 19 ...
 20 28 19 10 8 8 9 57 ...
 62 12 6 19 55 77 12 11 ...
 18 11 10 10 13 16 8 6 ...
 6 4 12 30 29 4 7 11 ...
 7 10 9 33 36 48 49 33 ...
 63 38 67 45 77 63 37 52 ...
 17 37 54 30 9 14 17;
 1 3 4 1 1 1 1 1 1 ...
 1 3 6 3 1 2 11 5 ...
 2 2 3 4 5 3 10 18 ...
 8 9 2 1 1 1 1 1 ...
 1 1 2 2 8 17 15 5 ...
 7 9 23 13 19 16 11 14 ...
 14 10 4 2 3 8 7 11 ...
 13 22 22 6 3 9 18 8 ...
 7 12 81 157 86 37 44 20 ...
 17 25 14 9 11 13 13 14 ...
 16 16 13 23 40 43 12 10 ...
 11 19 27 14 19 13 13 7 ...
 7 4 18 41 14 4 4 6 ...
 6 11 14 25 28 67 51 23 ...
 18 20 41 29 80 41 16 36 ...
 35 28 28 30 9 12 13;
 4 8 8 1 1 1 1 1 1 ...
 1 1 2 3 1 2 7 5 ...
 9 12 15 10 7 5 13 17 ...
 6 3 2 1 1 2 2 4 ...
 7 6 5 10 19 32 21 11 ...
 6 10 20 16 15 14 11 13 ...
 16 14 6 6 2 5 11 12 ...
 16 19 19 11 4 10 21 17 ...
 16 24 35 100 52 20 20 14 ...
 8 12 12 9 16 16 20 18 ...
 13 50 67 35 22 11 11 9 ...
 16 31 41 18 20 7 11 4 ...
 11 7 7 9 5 2 3 4 ...
 9 12 13 14 17 46 21 9 ...
 9 16 56 37 22 20 15 73 ...
 53 21 23 30 15 14 15;
 2 3 2 1 1 1 1 2 2 ...
 2 6 6 4 2 5 15 15 ...
 14 15 19 16 9 3 3 7 ...
 9 12 10 8 6 10 11 14 ...
 13 15 13 17 22 26 24 18 ...
 11 20 14 15 20 18 7 10 ...
 22 21 12 10 2 3 10 16 ...
 17 18 21 19 11 5 9 17 ...
 15 41 99 126 49 12 11 16 ...
 16 19 16 15 24 24 22 22 ...
 11 62 100 30 18 7 9 16 ...
 40 19 13 32 42 6 11 6 ...
 7 6 10 4 4 3 4 6 ...
 12 12 9 13 9 18 14 8 ...
 5 22 37 16 9 8 9 20 ...
 24 27 18 30 15 7 14;
 1 1 1 1 1 1 3 11 23 ...
 9 7 18 8 1 10 19 11 ...
 9 10 14 13 11 12 4 2 ...
 8 12 13 16 17 19 18 17 ...
 7 11 16 10 16 25 15 20 ...
 20 22 15 21 28 15 8 3 ...
 7 20 17 12 4 2 5 11 ...
 12 12 21 17 16 6 7 14 ...
 14 46 128 110 29 12 15 15 ...
 13 22 19 13 19 12 21 27 ...
 15 34 69 28 15 9 6 16 ...
 58 19 13 41 34 10 10 8 ...
 4 3 4 5 3 3 4 8 ...
 12 14 7 9 9 13 21 14 ...
 4 6 6 7 8 8 17 25 ...
 26 61 39 14 6 5 10;
 1 1 1 3 3 1 6 50 46 ...
 9 7 9 9 2 4 6 8 ...
 16 19 14 9 10 19 12 4 ...
 10 17 12 15 16 18 13 12 ...
 8 17 18 14 14 28 17 20 ...
 12 10 8 25 22 19 12 2 ...
 2 7 15 19 12 3 5 11 ...
 10 9 13 13 15 11 7 15 ...
 27 102 87 44 14 14 13 12 ...
 12 24 24 14 8 11 15 13 ...
 7 8 18 16 18 13 9 25 ...
 29 12 24 34 9 10 15 9 ...
 5 7 6 4 4 4 3 12 ...
 20 28 15 6 8 5 6 5 ...
 3 6 7 5 6 5 17 36 ...
 19 33 22 10 12 16 11;
 1 1 1 2 2 1 13 83 44 ...
 10 12 18 9 2 6 13 13 ...
 17 17 14 8 10 25 15 9 ...
 21 23 14 20 20 12 10 9 ...
 13 12 10 20 28 56 49 24 ...
 14 4 2 3 5 13 19 5 ...
 2 8 12 11 16 11 4 11 ...
 15 19 13 14 15 14 8 12 ...
 9 34 43 34 26 12 8 8 ...
 11 19 33 26 9 12 18 12 ...
 4 9 12 9 14 10 21 44 ...
 30 24 48 45 13 6 13 19 ...
 15 17 14 11 15 6 3 10 ...
 12 5 5 7 18 6 4 3 ...
 3 6 19 12 6 6 7 10 ...
 7 10 7 5 7 24 12;
 1 1 1 3 5 1 11 46 9 ...
 10 25 29 16 4 7 13 10 ...
 16 18 7 12 12 12 6 16 ...
 26 30 23 17 23 25 25 14 ...
 12 11 12 16 32 64 74 43 ...
 13 3 2 5 4 7 15 11 ...
 3 3 4 3 10 20 26 11 ...
 22 70 44 19 18 18 10 7 ...
 5 7 18 25 22 13 6 13 ...
 11 30 20 11 7 11 18 37 ...
 10 15 12 9 14 13 18 41 ...
 28 24 31 26 13 4 21 23 ...
 16 12 21 19 17 6 2 3 ...
 6 6 9 10 19 9 8 2 ...
 3 5 15 12 15 11 6 3 ...
 5 6 7 9 7 9 13;
 1 1 1 2 5 2 3 15 18 ...
 21 20 15 12 10 11 15 14 ...
 17 18 13 14 12 12 13 27 ...
 31 31 29 24 29 29 21 18 ...
 18 14 13 8 8 14 16 14 ...
 8 2 2 2 2 3 6 17 ...
 13 3 2 3 8 50 58 19 ...
 68 116 103 83 34 19 20 8 ...
 8 7 19 18 19 13 5 23 ...
 27 47 23 11 18 43 36 44 ...
 18 22 16 13 12 12 11 29 ...
 22 14 23 15 6 4 22 14 ...
 7 8 7 6 9 4 2 3 ...
 6 11 11 11 9 4 2 2 ...
 3 3 5 5 7 5 5 4 ...
 6 8 5 6 6 7 16;
 2 1 1 2 5 2 5 44 74 ...
 34 17 23 13 10 10 14 20 ...
 19 24 17 11 9 7 12 15 ...
 19 9 14 32 31 20 21 22 ...
 15 9 6 3 10 16 12 5 ...
 4 3 2 2 2 2 6 12 ...
 18 5 2 3 4 43 78 16 ...
 54 118 123 120 98 38 20 12 ...
 6 5 14 12 10 5 5 23 ...
 24 23 13 6 10 45 49 49 ...
 22 14 16 19 9 15 31 32 ...
 19 21 27 20 5 4 8 9 ...
 5 6 4 4 6 4 18 24 ...
 8 15 16 10 3 2 1 2 ...
 4 4 4 4 5 4 5 8 ...
 6 6 7 7 13 7 14;
 3 1 1 2 14 3 3 21 34 ...
 6 6 29 31 5 14 7 5 ...
 6 6 11 6 4 2 5 12 ...
 5 4 10 14 8 7 20 28 ...
