function pixels = godthem128()
% Image size: [128 x 128]
pixels = [ 71 121 202 176 152 100 29 36 33 ...
 73 87 93 137 195 199 240 249 ...
 249 249 250 250 250 250 250 250 ...
 251 251 251 251 251 251 251 251 ...
 251 252 252 252 252 252 252 252 ...
 252 252 252 252 252 252 252 253 ...
 253 253 253 253 253 253 253 253 ...
 253 253 253 253 253 254 253 253 ...
 254 254 254 254 254 254 254 254 ...
 254 254 254 254 254 254 254 254 ...
 254 254 254 254 254 254 254 254 ...
 254 254 254 254 254 254 254 254 ...
 254 255 255 254 254 254 254 254 ...
 254 254 254 255 254 254 255 254 ...
 255 255 255 254 255 255 255 255 ...
 254 255 254 253 243 241 77;
 103 114 150 171 169 200 120 62 14 ...
 40 72 107 122 194 224 244 249 ...
 249 249 250 250 250 250 250 250 ...
 251 250 250 251 251 251 251 251 ...
 251 252 251 252 252 252 252 252 ...
 252 252 252 252 252 252 252 252 ...
 252 253 253 253 253 253 253 253 ...
 253 253 253 253 253 253 253 253 ...
 253 253 253 253 254 254 254 254 ...
 254 254 254 254 254 254 254 254 ...
 254 254 254 254 254 254 254 254 ...
 254 254 254 254 254 254 254 254 ...
 254 254 254 254 254 254 254 254 ...
 254 254 254 254 254 254 254 254 ...
 254 254 254 254 254 254 254 254 ...
 254 254 254 250 238 239 92;
 89 97 96 143 145 175 184 167 125 ...
 79 109 156 131 193 233 246 249 ...
 250 250 250 250 250 251 251 250 ...
 251 251 251 251 251 251 251 252 ...
 251 252 252 252 252 252 252 252 ...
 252 252 252 252 253 253 252 253 ...
 253 253 253 253 253 253 253 254 ...
 254 253 253 253 253 254 254 254 ...
 254 254 254 254 254 254 254 254 ...
 254 254 254 254 254 254 254 254 ...
 254 254 254 254 254 254 254 254 ...
 254 254 254 254 254 254 254 254 ...
 254 254 254 254 254 254 255 254 ...
 254 254 254 254 254 254 254 255 ...
 255 255 254 254 254 254 255 254 ...
 254 255 254 245 234 236 90;
 98 126 132 159 151 189 202 204 213 ...
 127 153 207 162 223 247 249 249 ...
 250 250 250 250 250 250 250 250 ...
 250 251 251 251 251 251 251 251 ...
 251 252 252 252 252 252 252 252 ...
 252 252 252 252 252 252 252 253 ...
 253 252 253 253 253 253 253 253 ...
 253 253 253 253 253 253 253 253 ...
 253 254 254 253 254 254 254 254 ...
 254 254 254 254 254 254 254 254 ...
 254 254 254 254 254 254 254 254 ...
 254 254 254 254 254 254 254 254 ...
 254 254 254 254 254 254 254 254 ...
 254 254 254 254 254 254 254 254 ...
 254 254 254 254 254 254 254 253 ...
 254 254 253 239 233 234 84;
 167 177 138 153 157 191 194 197 200 ...
 200 226 241 242 242 246 250 250 ...
 250 250 250 251 250 250 251 251 ...
 251 251 251 251 251 252 252 252 ...
 252 252 252 252 252 252 252 252 ...
 252 252 252 253 252 253 253 253 ...
 253 253 253 253 253 253 253 253 ...
 253 253 253 253 253 254 254 254 ...
 254 254 254 254 254 254 254 254 ...
 254 254 254 254 254 254 254 254 ...
 254 254 254 254 254 254 254 254 ...
 254 254 254 254 254 254 254 254 ...
 254 254 254 254 254 254 254 254 ...
 254 254 254 255 255 254 254 254 ...
 254 254 254 254 254 250 252 251 ...
 253 254 251 234 233 234 98;
 201 158 117 172 174 171 192 181 179 ...
 190 199 217 240 244 248 249 249 ...
 249 250 250 250 250 250 250 251 ...
 251 251 251 251 251 252 252 252 ...
 252 252 252 252 252 252 252 252 ...
 252 252 252 252 252 253 252 253 ...
 253 253 253 253 253 253 253 253 ...
 253 253 253 253 253 254 253 253 ...
 254 254 253 254 253 254 254 254 ...
 254 254 254 254 254 254 254 254 ...
 254 254 254 254 254 254 254 254 ...
 254 254 254 254 254 254 254 254 ...
 254 254 254 254 254 254 254 254 ...
 254 254 254 254 255 254 254 254 ...
 254 254 254 254 254 252 253 253 ...
 254 254 248 233 232 233 103;
 174 164 106 176 148 137 149 169 176 ...
 174 188 220 240 245 249 249 250 ...
 250 250 250 250 250 251 251 251 ...
 251 251 251 251 251 252 251 252 ...
 252 252 252 252 252 252 252 252 ...
 252 252 252 253 253 253 253 253 ...
 253 253 253 253 253 253 253 253 ...
 253 253 253 253 253 254 254 254 ...
 254 254 254 254 254 254 254 254 ...
 254 254 254 254 254 254 254 254 ...
 254 254 254 254 254 254 254 254 ...
 254 254 254 254 254 254 254 254 ...
 254 254 254 254 254 254 254 254 ...
 254 254 254 255 255 254 254 254 ...
 254 254 255 255 255 252 254 254 ...
 254 254 243 232 233 234 112;
 200 186 125 111 119 163 171 187 165 ...
 160 185 227 248 249 249 249 249 ...
 250 250 250 250 250 251 251 251 ...
 251 251 251 251 251 251 252 252 ...
 252 252 252 252 252 252 252 252 ...
 245 250 252 252 252 252 252 253 ...
 253 253 253 253 253 253 253 253 ...
 253 253 253 253 253 253 253 253 ...
 253 253 253 253 254 253 253 253 ...
 254 254 254 254 254 254 254 254 ...
 254 254 254 254 254 254 254 254 ...
 254 254 254 254 254 254 254 254 ...
 254 254 254 254 254 254 254 254 ...
 254 254 254 255 254 254 254 254 ...
 254 254 255 254 254 252 254 254 ...
 254 253 238 231 233 233 137;
 55 99 193 149 133 157 187 191 185 ...
 193 189 227 248 249 249 250 250 ...
 250 250 250 250 251 251 251 251 ...
 251 251 251 251 252 252 252 252 ...
 252 252 252 252 252 252 252 247 ...
 215 235 252 252 252 252 252 253 ...
 253 253 253 253 253 253 253 253 ...
 253 253 253 253 253 253 254 254 ...
 253 254 253 253 254 254 254 254 ...
 254 254 254 254 254 254 254 254 ...
 254 254 254 254 254 254 254 254 ...
 254 254 254 254 254 254 254 254 ...
 254 254 254 254 254 254 254 254 ...
 254 254 254 255 255 254 254 254 ...
 254 255 255 254 254 253 254 255 ...
 255 252 236 232 232 233 147;
 10 71 182 132 165 183 187 160 159 ...
 199 223 242 248 249 249 249 249 ...
 250 250 250 250 250 251 251 251 ...
 251 251 251 251 251 252 252 252 ...
 252 252 252 252 252 252 251 225 ...
 199 208 235 246 251 252 252 252 ...
 252 252 252 253 252 252 253 253 ...
 253 253 253 253 253 253 253 253 ...
 253 253 253 253 253 253 253 254 ...
 254 254 254 254 254 254 254 254 ...
 254 254 254 254 254 254 254 254 ...
 254 254 254 254 254 254 254 254 ...
 254 254 254 254 254 254 254 254 ...
 254 254 254 254 254 254 254 254 ...
 254 254 254 254 254 253 254 254 ...
 254 248 233 231 232 232 152;
 14 77 124 92 116 162 197 174 157 ...
 156 187 239 248 249 249 249 250 ...
 250 250 250 250 251 251 251 251 ...
 251 251 251 251 252 252 252 252 ...
 252 252 252 252 252 252 239 204 ...
 193 209 208 219 225 238 248 252 ...
 252 253 253 253 253 253 253 253 ...
 253 253 253 253 253 253 253 253 ...
 253 253 253 253 254 254 254 254 ...
 254 254 254 254 254 254 254 254 ...
 254 254 254 254 254 254 254 254 ...
 254 254 254 254 254 254 254 254 ...
 254 254 254 254 254 254 254 254 ...
 254 254 254 255 254 254 254 254 ...
 254 254 254 255 254 253 254 254 ...
 254 244 232 232 232 232 146;
 5 35 80 78 103 176 202 155 164 ...
 141 161 210 240 248 248 249 249 ...
 249 249 250 250 250 250 251 251 ...
 251 251 251 251 251 252 252 251 ...
 252 251 252 252 252 248 213 201 ...
 222 227 201 203 205 203 214 230 ...
 243 250 252 252 252 252 253 253 ...
 253 253 253 253 253 253 253 253 ...
 253 253 253 253 253 254 253 254 ...
 253 254 254 254 254 254 254 254 ...
 254 254 254 254 254 254 254 254 ...
 254 254 254 254 254 254 254 254 ...
 254 254 254 254 254 254 254 254 ...
 254 254 254 255 254 254 254 254 ...
 254 254 254 254 254 253 253 254 ...
 254 239 231 230 230 230 159;
 18 8 29 75 100 137 129 132 138 ...
 133 152 207 210 239 233 223 226 ...
 246 247 244 247 249 248 249 251 ...
 251 251 251 251 252 252 252 252 ...
 252 252 252 252 251 226 199 217 ...
 238 239 220 195 203 198 201 203 ...
 209 214 233 246 251 253 253 253 ...
 253 253 253 253 253 253 253 253 ...
 254 253 254 254 254 254 254 254 ...
 254 254 254 254 254 254 254 254 ...
 254 254 254 254 254 254 254 254 ...
 254 254 254 254 254 254 254 254 ...
 254 254 254 254 254 254 254 254 ...
 254 254 254 255 254 254 254 254 ...
 254 254 254 254 254 253 253 254 ...
 252 236 231 232 232 231 157;
 35 56 32 60 57 69 74 66 107 ...
 97 101 151 132 150 143 135 139 ...
 167 181 171 186 208 224 240 249 ...
 250 250 251 251 251 252 251 252 ...
 252 252 252 251 239 203 208 233 ...
 237 239 235 211 194 204 194 195 ...
 203 204 206 208 220 236 248 252 ...
 252 253 253 253 253 253 253 253 ...
