function pixels = kaffe128()
% Image size: [128 x 128]
pixels = [ 133 123 125 130 127 122 122 128 130 ...
 129 123 124 127 129 125 124 131 ...
 124 132 135 135 132 126 129 124 ...
 135 143 138 135 135 136 136 135 ...
 137 143 139 140 137 139 135 136 ...
 139 144 138 139 141 146 148 145 ...
 140 131 145 147 147 146 146 136 ...
 133 128 133 143 145 145 143 145 ...
 144 140 143 140 141 140 137 141 ...
 137 136 141 142 142 148 141 141 ...
 144 142 142 143 146 145 155 143 ...
 145 145 146 141 144 151 153 144 ...
 144 150 144 139 154 157 145 148 ...
 149 148 154 149 140 148 143 145 ...
 147 147 144 146 145 142 143 142 ...
 153 142 142 146 147 143 151;
 128 114 119 124 126 122 127 126 125 ...
 130 121 119 125 129 129 128 133 ...
 127 128 136 135 133 130 132 133 ...
 134 141 134 134 134 139 139 136 ...
 137 142 141 139 128 137 136 137 ...
 138 140 143 137 140 144 149 147 ...
 144 132 144 145 148 144 139 138 ...
 134 139 140 141 146 146 143 145 ...
 143 140 143 139 142 138 138 142 ...
 141 136 142 141 144 149 146 135 ...
 141 144 143 143 146 146 150 146 ...
 146 149 147 141 144 147 150 137 ...
 142 144 141 136 142 156 149 146 ...
 150 151 157 146 128 138 141 146 ...
 150 146 144 145 145 145 143 143 ...
 149 142 140 143 150 146 153;
 121 112 120 124 127 123 135 132 123 ...
 135 126 119 125 130 130 127 131 ...
 129 127 130 130 134 134 132 135 ...
 128 133 139 135 139 141 140 139 ...
 140 142 142 139 135 139 142 143 ...
 140 141 141 138 143 142 142 147 ...
 138 141 142 142 145 137 139 144 ...
 133 147 147 140 145 150 146 145 ...
 145 146 146 144 146 140 141 139 ...
 140 137 137 140 145 148 147 143 ...
 144 143 140 142 147 147 152 148 ...
 147 150 143 138 142 147 150 138 ...
 146 143 141 141 141 151 154 149 ...
 152 153 152 150 134 129 143 145 ...
 150 148 150 151 146 148 143 142 ...
 146 139 141 144 146 147 149;
 125 121 120 125 133 127 139 135 128 ...
 130 130 125 134 133 129 131 130 ...
 128 129 129 131 133 134 136 132 ...
 133 138 139 139 142 143 140 140 ...
 141 142 138 139 133 137 138 142 ...
 142 133 138 137 143 139 133 143 ...
 135 141 136 139 139 136 142 142 ...
 138 140 152 144 152 150 149 148 ...
 151 147 147 152 150 142 145 142 ...
 137 138 136 136 139 149 148 146 ...
 146 145 142 144 147 146 151 147 ...
 145 148 142 141 140 145 149 140 ...
 146 145 140 145 143 145 160 151 ...
 147 155 151 156 146 133 144 144 ...
 140 145 147 145 146 146 142 138 ...
 143 142 143 142 143 150 143;
 124 122 123 127 130 131 135 132 134 ...
 125 133 130 132 127 125 136 126 ...
 130 130 134 131 131 136 133 129 ...
 132 135 137 138 140 143 140 139 ...
 140 142 140 136 126 125 136 140 ...
 140 131 141 141 146 141 135 145 ...
 134 139 132 137 135 134 138 137 ...
 140 139 146 149 152 151 151 150 ...
 151 144 146 150 148 143 145 144 ...
 138 139 136 138 144 147 147 148 ...
 145 143 143 139 146 147 148 146 ...
 143 145 143 138 146 144 146 141 ...
 147 147 139 147 150 144 155 154 ...
 141 149 155 155 150 143 143 147 ...
 151 143 143 146 146 147 142 141 ...
 144 142 140 138 144 148 143;
 125 125 127 128 126 129 128 130 131 ...
 126 130 129 132 123 130 134 126 ...
 131 132 135 130 130 132 135 131 ...
 132 132 135 138 137 141 141 138 ...
 143 147 142 137 135 133 139 139 ...
 139 138 141 146 149 147 146 140 ...
 140 139 133 135 133 136 137 136 ...
 141 142 147 151 154 152 150 148 ...
 150 142 143 144 148 148 145 141 ...
 143 146 136 134 143 142 143 148 ...
 145 142 143 141 145 147 146 147 ...
 143 142 142 139 147 147 148 142 ...
 145 151 138 147 150 147 145 156 ...
 153 152 155 151 150 144 144 147 ...
 146 142 143 143 142 147 147 145 ...
 146 143 138 136 144 150 141;
 130 130 126 129 125 124 124 125 128 ...
 127 127 130 135 132 131 133 128 ...
 127 129 134 133 133 127 133 133 ...
 137 137 134 137 136 136 143 139 ...
 144 150 145 138 141 138 137 137 ...
 133 134 137 139 145 148 144 149 ...
 145 143 134 132 135 134 138 135 ...
 141 141 148 150 156 152 152 151 ...
 145 127 145 143 143 147 143 138 ...
 144 149 138 127 147 142 146 146 ...
 145 144 143 141 144 149 147 148 ...
 147 146 146 144 140 149 148 144 ...
 143 149 138 142 146 150 142 153 ...
 154 153 149 150 150 140 144 144 ...
 140 141 142 145 137 139 144 145 ...
 146 145 142 137 138 147 143;
 134 133 126 130 128 122 119 122 129 ...
 124 130 128 130 133 134 137 133 ...
 125 127 131 133 130 127 133 131 ...
 132 136 135 138 137 136 144 136 ...
 138 147 144 139 142 140 139 141 ...
 133 130 136 138 140 145 146 152 ...
 146 141 136 131 134 132 136 136 ...
 140 139 144 149 150 147 152 155 ...
 146 110 139 145 139 146 149 143 ...
 144 150 145 128 149 144 147 141 ...
 144 146 145 145 145 148 148 146 ...
 149 149 151 148 139 148 148 145 ...
 140 145 135 138 143 151 149 148 ...
 154 153 147 149 149 146 145 142 ...
 143 140 143 143 139 143 143 148 ...
 149 150 142 136 135 141 146;
 136 133 126 132 130 125 119 124 129 ...
 125 127 129 129 132 132 135 134 ...
 129 130 132 132 130 128 137 126 ...
 117 128 137 140 139 138 141 138 ...
 142 141 126 133 140 141 140 141 ...
 139 131 138 138 136 138 147 151 ...
 144 143 139 135 132 134 134 136 ...
 137 139 137 144 142 142 144 155 ...
 151 132 138 149 143 146 150 144 ...
 142 145 146 137 145 143 146 143 ...
 145 144 147 147 148 147 146 145 ...
 148 151 148 146 143 142 145 144 ...
 142 142 142 139 142 149 149 145 ...
 153 150 142 147 149 146 144 142 ...
 149 140 139 139 140 144 141 140 ...
 148 153 142 137 138 142 147;
 133 129 123 130 127 126 123 124 124 ...
 124 130 123 131 135 131 127 133 ...
 132 135 133 135 136 130 131 116 ...
 112 131 139 139 134 135 141 140 ...
 140 133 129 135 141 139 138 141 ...
 140 135 140 137 133 139 146 147 ...
 143 147 139 140 135 136 136 135 ...
 137 138 134 142 145 144 143 148 ...
 149 141 134 149 145 136 138 141 ...
 138 140 145 138 141 136 141 141 ...
 143 140 145 148 148 148 146 143 ...
 145 148 148 147 145 140 142 145 ...
 142 141 142 141 142 143 147 143 ...
 149 147 141 150 150 143 142 144 ...
 148 143 139 137 139 141 139 141 ...
 147 146 138 139 138 138 148;
 131 131 126 130 125 127 124 127 121 ...
 127 135 126 127 133 131 126 134 ...
 134 137 132 135 136 134 134 133 ...
 130 138 138 139 132 137 140 140 ...
 134 134 137 137 141 142 140 140 ...
 143 142 143 136 137 142 145 144 ...
 142 148 142 142 138 147 137 135 ...
 140 138 138 141 145 144 141 144 ...
 149 140 127 151 147 137 139 142 ...
 141 140 148 142 147 142 144 143 ...
 139 137 141 143 145 147 144 138 ...
 146 143 146 145 144 139 138 142 ...
 142 141 141 144 149 143 146 143 ...
 143 146 147 150 150 147 143 143 ...
 145 144 142 136 139 141 131 145 ...
 143 140 133 139 132 132 145;
 130 136 127 131 127 126 121 126 122 ...
 129 136 132 128 132 129 132 134 ...
 134 135 134 134 135 132 144 138 ...
 135 138 135 139 140 138 136 137 ...
 138 135 138 139 140 140 139 138 ...
 145 139 141 140 126 142 146 148 ...
 143 147 146 143 139 150 139 138 ...
 143 142 141 140 137 142 139 139 ...
 146 141 133 147 148 136 141 142 ...
 142 139 142 142 151 144 144 145 ...
 149 139 138 143 143 145 144 146 ...
 143 141 144 142 144 138 129 136 ...
 139 142 145 147 146 146 147 147 ...
 138 144 144 150 151 146 143 147 ...
 149 146 138 137 139 139 130 144 ...
 138 137 133 139 135 135 142;
 129 137 131 130 128 125 122 123 128 ...
 127 134 134 108 129 131 137 135 ...
 137 133 133 132 134 130 145 143 ...
 137 138 139 139 141 137 134 135 ...
 137 138 129 139 139 141 142 140 ...
 142 140 138 139 136 142 141 148 ...
 144 144 150 148 145 151 146 140 ...
 136 143 144 160 179 200 213 218 ...
 220 219 213 208 195 172 155 139 ...
 139 137 139 141 148 146 144 143 ...
 152 143 139 143 143 143 142 143 ...
 145 141 142 140 144 142 126 133 ...
 140 140 143 145 140 143 148 151 ...
 140 143 141 143 150 144 139 142 ...
 142 143 141 138 142 134 130 143 ...
 141 139 138 142 143 146 141;
 123 131 131 131 130 122 120 130 137 ...
 123 128 130 117 129 133 132 130 ...
 139 132 130 132 136 128 138 146 ...
 139 138 136 135 137 139 138 138 ...
 136 137 138 139 142 140 138 142 ...
 138 139 135 139 142 143 142 147 ...
 146 144 147 147 149 149 149 142 ...
