function pixels = kallskarskannan128()
% Image size: [128 x 128]
pixels = [ 0 0 0 0 0 0 0 1 0 ...
 1 1 1 1 1 1 1 1 ...
 1 1 1 1 1 1 1 1 ...
 1 1 1 1 1 1 1 1 ...
 1 1 1 1 1 1 1 1 ...
 1 1 1 1 1 1 1 1 ...
 1 1 1 1 1 1 2 2 ...
 2 2 2 2 2 2 2 2 ...
 2 2 2 2 2 2 2 2 ...
 2 2 2 2 2 2 2 2 ...
 1 1 1 1 1 1 1 1 ...
 1 1 1 1 1 1 1 1 ...
 1 1 1 1 1 1 1 1 ...
 1 1 1 1 1 1 1 1 ...
 1 1 1 1 1 1 1 1 ...
 1 1 1 1 1 1 1;
 0 0 1 0 0 1 1 1 1 ...
 1 1 1 1 1 1 1 1 ...
 1 1 1 1 1 1 1 1 ...
 1 1 1 1 1 1 1 1 ...
 1 1 1 2 1 2 2 2 ...
 2 2 2 2 1 2 2 2 ...
 2 2 2 2 2 2 2 2 ...
 2 2 2 2 2 2 2 2 ...
 2 2 2 2 2 2 2 2 ...
 2 2 2 2 2 2 2 2 ...
 2 2 2 2 2 2 2 2 ...
 2 2 1 1 1 1 1 1 ...
 1 1 1 1 1 1 1 1 ...
 1 1 1 1 1 1 1 1 ...
 1 1 1 1 1 1 1 1 ...
 1 1 1 1 1 1 1;
 1 1 1 1 1 1 1 1 1 ...
 1 1 1 1 1 1 1 1 ...
 1 1 1 1 1 1 1 1 ...
 1 1 1 1 1 1 2 2 ...
 2 2 2 2 2 2 2 2 ...
 2 2 2 2 2 2 2 2 ...
 2 2 2 2 2 2 2 2 ...
 2 2 2 2 2 2 2 2 ...
 2 2 2 2 2 2 2 2 ...
 2 2 2 2 2 2 2 2 ...
 2 2 2 2 2 2 2 2 ...
 2 2 2 2 2 2 2 2 ...
 2 2 1 1 1 1 1 1 ...
 1 1 1 1 1 1 1 1 ...
 1 1 1 1 1 1 1 1 ...
 1 1 1 1 1 1 1;
 1 1 1 1 1 1 1 1 1 ...
 1 1 1 1 1 1 2 1 ...
 1 2 2 2 2 2 2 2 ...
 2 2 2 2 2 2 2 2 ...
 2 2 2 2 2 2 2 2 ...
 2 2 2 2 2 2 2 2 ...
 2 2 2 2 2 2 2 2 ...
 2 2 2 2 2 2 2 2 ...
 2 2 3 2 2 2 2 2 ...
 2 2 2 2 2 2 2 2 ...
 2 2 2 2 2 2 2 2 ...
 2 2 2 2 2 2 2 2 ...
 2 2 2 2 2 2 2 2 ...
 2 2 2 2 2 2 2 2 ...
 2 2 2 2 1 1 1 1 ...
 1 1 1 1 1 1 1;
 10 7 8 11 12 9 10 15 15 ...
 8 7 6 6 6 32 41 24 ...
 13 9 21 63 67 70 47 25 ...
 19 55 38 18 15 15 24 33 ...
 31 17 14 20 37 41 31 22 ...
 29 35 17 19 16 27 24 15 ...
 27 32 33 29 25 10 14 27 ...
 27 34 13 9 24 28 21 36 ...
 34 20 42 44 23 10 13 21 ...
 23 25 35 15 5 14 21 29 ...
 26 25 13 14 18 13 26 26 ...
 29 37 25 12 16 29 24 15 ...
 33 20 13 5 7 25 37 25 ...
 14 7 14 6 4 20 19 5 ...
 11 16 22 21 8 7 5 3 ...
 13 28 21 7 3 3 1;
 18 16 19 25 16 18 19 30 27 ...
 29 34 23 21 48 71 54 47 ...
 41 68 74 135 172 187 158 85 ...
 75 142 85 44 48 91 71 66 ...
 105 62 48 89 123 118 92 73 ...
 126 93 30 35 69 72 65 66 ...
 75 93 84 100 87 83 99 128 ...
 92 81 53 89 108 88 70 131 ...
 114 113 186 143 62 51 98 99 ...
 135 126 130 41 24 44 83 121 ...
 99 73 65 75 70 89 130 81 ...
 107 132 48 26 58 90 80 100 ...
 159 94 63 37 46 121 115 78 ...
 40 22 49 20 27 96 64 24 ...
 25 45 78 64 30 50 41 70 ...
 97 125 96 21 9 14 1;
 18 17 19 17 18 43 43 40 45 ...
 90 77 49 46 71 54 67 111 ...
 90 103 77 60 110 83 82 34 ...
 67 72 45 24 32 69 69 130 ...
 148 100 114 91 116 103 81 90 ...
 86 40 43 30 77 43 62 61 ...
 47 119 166 154 87 89 118 142 ...
 74 70 137 131 115 80 52 58 ...
 56 124 154 98 84 70 109 86 ...
 108 94 66 88 119 109 98 133 ...
 46 42 86 70 105 142 98 29 ...
 92 147 87 61 58 79 140 154 ...
 119 116 96 71 79 84 40 34 ...
 18 11 11 17 62 97 90 99 ...
 107 114 60 62 57 83 75 123 ...
 149 78 45 19 91 107 2;
 15 14 17 17 15 40 73 69 85 ...
 72 38 30 22 43 54 76 102 ...
 85 74 48 29 39 38 42 68 ...
 72 50 56 38 39 100 96 135 ...
 94 79 112 73 102 75 63 73 ...
 60 66 72 32 20 27 44 81 ...
 80 134 168 114 108 195 184 115 ...
 67 127 140 128 117 74 39 38 ...
 47 89 93 94 122 39 59 97 ...
 81 53 91 100 114 109 70 56 ...
 65 69 73 110 111 70 37 29 ...
 135 175 86 47 80 148 174 105 ...
 37 38 53 31 27 71 59 38 ...
 58 63 13 12 80 158 150 163 ...
 146 97 34 61 120 130 99 99 ...
 159 59 9 39 149 144 32;
 15 12 11 13 16 40 68 60 52 ...
 29 16 18 36 51 55 70 59 ...
 47 31 27 29 37 32 63 111 ...
 99 42 52 39 83 150 102 65 ...
 65 83 95 70 100 47 79 64 ...
 46 73 34 32 59 107 121 98 ...
 30 32 58 47 158 206 189 125 ...
 54 85 88 148 124 63 37 93 ...
 86 73 61 54 83 78 101 85 ...
 30 46 94 62 44 110 121 62 ...
 99 111 147 92 64 49 31 82 ...
 142 94 23 46 112 97 85 25 ...
 16 15 38 44 40 56 64 35 ...
 112 140 61 58 111 166 190 164 ...
 116 39 40 133 141 111 80 52 ...
 70 21 37 89 113 112 86;
 9 11 12 11 14 42 39 25 22 ...
 14 16 19 34 28 27 25 30 ...
 24 16 20 28 32 46 91 60 ...
 40 30 27 57 159 91 39 29 ...
 89 93 65 71 100 125 119 100 ...
 78 75 77 57 67 123 125 69 ...
 81 103 91 57 82 136 146 74 ...
 17 53 125 120 101 53 69 136 ...
 69 58 83 102 130 126 114 104 ...
 85 146 187 179 79 117 98 83 ...
 101 138 104 72 88 63 55 83 ...
 87 74 47 54 55 54 29 16 ...
 14 11 13 26 24 86 114 41 ...
 65 131 115 97 64 83 118 77 ...
 37 16 26 84 69 52 34 16 ...
 16 33 144 159 79 63 61;
 10 8 10 9 9 29 28 11 9 ...
 11 21 26 26 24 19 14 30 ...
 29 30 37 47 41 56 69 32 ...
 31 78 66 93 103 41 53 68 ...
 88 93 79 122 179 142 78 66 ...
 73 94 113 75 77 119 102 114 ...
 121 92 75 33 19 31 57 30 ...
 11 61 102 103 80 32 132 106 ...
 57 50 80 100 165 139 107 111 ...
 100 158 181 126 83 168 201 183 ...
 166 118 54 27 20 23 38 94 ...
 121 88 49 45 36 56 33 17 ...
 13 10 6 14 100 148 57 47 ...
 68 107 115 87 47 21 28 57 ...
 31 8 7 19 31 33 42 57 ...
 53 50 120 110 102 97 63;
 13 6 9 8 9 11 12 9 7 ...
 12 36 52 49 29 19 26 37 ...
 25 32 43 50 42 48 73 60 ...
 70 101 77 72 47 75 122 97 ...
 80 79 93 199 180 111 77 75 ...
 73 90 130 107 86 58 59 87 ...
 52 84 92 77 55 117 121 61 ...
 28 45 64 89 58 47 130 72 ...
 59 88 84 121 111 102 73 110 ...
 101 80 70 50 135 227 194 173 ...
 154 105 69 65 39 81 69 104 ...
 94 62 43 38 35 143 167 89 ...
 32 22 9 52 163 115 38 61 ...
 68 110 134 76 46 19 29 48 ...
 52 63 33 36 109 126 98 65 ...
 30 24 47 50 102 44 87;
 7 5 9 12 11 9 8 11 11 ...
 43 98 98 45 33 41 56 41 ...
 28 27 31 34 66 73 96 57 ...
 102 81 70 45 36 103 85 49 ...
 26 62 164 211 164 112 97 76 ...
 98 109 146 125 81 65 104 99 ...
 102 135 116 84 71 180 137 137 ...
 141 108 152 115 52 54 74 88 ...
 158 134 93 167 114 133 134 89 ...
 97 73 99 61 131 202 173 148 ...
 113 60 41 79 47 87 112 67 ...
 58 42 73 46 66 143 178 94 ...
 88 136 46 70 81 48 110 156 ...
 147 140 86 58 81 61 36 64 ...
 111 76 63 48 101 100 44 23 ...
 20 56 61 49 40 17 104;
 7 5 6 8 18 10 7 10 21 ...
 57 77 53 27 29 36 39 35 ...
 37 36 34 72 108 53 48 33 ...
 101 45 34 23 56 66 51 33 ...
 56 171 211 218 155 132 128 72 ...
 89 147 144 126 84 75 110 108 ...
 105 94 92 96 94 162 156 193 ...
 168 96 149 91 44 149 130 131 ...
 120 107 120 156 139 112 77 53 ...
 72 54 95 88 110 156 151 157 ...
 97 26 23 39 60 41 103 112 ...
 49 74 135 68 98 114 63 42 ...
 111 146 135 115 69 68 173 120 ...
 88 47 25 73 66 31 22 50 ...
 49 43 55 46 77 63 25 22 ...
 46 76 48 46 35 56 121;
 8 7 6 6 11 9 9 11 19 ...
 39 35 24 21 23 30 35 39 ...
 44 40 57 113 70 64 112 39 ...
 58 44 33 29 117 110 73 111 ...
 132 95 147 141 54 43 45 47 ...
 117 156 99 104 83 88 95 82 ...
 68 91 56 125 192 176 84 121 ...
 65 35 69 48 74 190 152 122 ...
 88 109 110 109 120 74 47 41 ...
 44 86 175 200 181 196 201 157 ...
 62 17 38 129 84 66 148 81 ...
 38 60 64 85 126 100 57 50 ...
 55 177 173 96 67 63 80 65 ...
 52 35 84 61 34 82 122 61 ...
 31 39 37 22 56 89 90 77 ...
 52 47 59 46 45 96 127;
 12 9 7 8 10 12 11 15 18 ...
 18 21 19 15 16 22 30 45 ...
 61 68 72 55 63 154 153 70 ...
 48 121 101 49 86 70 29 59 ...
 65 28 53 83 56 52 59 71 ...
 133 120 74 75 60 94 90 59 ...
 43 39 18 104 175 154 47 44 ...
 85 112 123 61 112 149 95 77 ...
 62 63 54 68 112 59 38 27 ...
 32 82 177 203 185 155 120 49 ...
 17 26 75 91 34 39 44 20 ...
 15 37 99 118 121 89 90 99 ...
 77 121 90 58 82 92 79 47 ...
 34 87 129 87 59 147 143 49 ...
 42 57 77 98 161 113 77 92 ...
 91 73 68 39 58 75 134;
 18 15 7 8 9 20 27 28 22 ...
 16 20 24 17 13 20 24 40 ...
 73 96 61 24 62 109 88 53 ...
 115 160 126 73 75 42 51 69 ...
 36 53 41 95 160 174 193 125 ...
 60 76 133 122 39 71 96 60 ...
 29 70 71 121 132 80 85 150 ...
 193 189 121 61 139 118 73 106 ...
 118 46 15 57 105 48 28 22 ...
 27 115 159 126 92 81 79 29 ...
 10 11 28 100 57 31 18 34 ...
 76 77 40 36 116 118 88 64 ...
 67 111 95 58 102 107 39 15 ...
 15 62 85 84 60 94 72 21 ...
 23 45 82 150 160 62 39 147 ...
 170 76 55 91 99 91 115;
 29 27 16 45 63 49 34 28 26 ...
 14 21 32 18 11 16 24 35 ...
 36 30 32 33 49 57 88 89 ...
 130 128 83 47 40 30 23 31 ...
 72 76 145 200 149 182 204 114 ...
 45 90 155 84 31 89 68 29 ...
 58 158 121 72 75 117 157 173 ...
