function pixels = kloss128()
% Image size: [128 x 128]
pixels = [ 170 227 224 223 222 222 222 222 223 ...
 222 222 222 222 222 222 222 223 ...
 223 223 222 222 222 222 222 222 ...
 222 222 222 222 223 223 223 223 ...
 222 222 222 223 223 222 222 223 ...
 223 223 223 222 222 223 224 223 ...
 223 223 223 223 223 223 223 223 ...
 223 223 223 223 223 222 222 222 ...
 223 223 222 222 223 223 223 223 ...
 223 223 223 223 223 223 223 223 ...
 223 223 223 223 223 223 223 223 ...
 224 224 224 225 224 224 224 224 ...
 223 223 222 221 221 222 220 213 ...
 201 188 185 192 201 207 212 215 ...
 217 219 221 223 224 225 226 225 ...
 224 223 223 225 229 233 180;
 113 145 137 133 135 134 134 133 133 ...
 133 133 133 133 133 133 131 132 ...
 133 133 133 132 131 132 132 131 ...
 131 132 133 132 134 134 134 133 ...
 132 132 132 132 133 131 132 132 ...
 131 135 134 133 134 137 146 135 ...
 135 135 135 134 134 135 134 133 ...
 133 133 132 132 131 132 131 134 ...
 134 135 133 132 133 132 132 133 ...
 131 133 134 134 136 136 136 134 ...
 135 134 135 135 134 133 134 134 ...
 136 136 137 136 135 136 136 137 ...
 136 134 133 129 132 134 128 116 ...
 93 76 72 81 93 101 108 116 ...
 118 121 127 133 139 139 139 139 ...
 137 133 133 140 153 172 239;
 34 30 25 23 25 24 24 22 23 ...
 23 27 23 23 22 25 23 21 ...
 21 23 22 22 24 22 22 21 ...
 20 23 23 21 22 23 24 23 ...
 20 20 20 21 21 20 21 21 ...
 20 22 23 22 23 33 37 25 ...
 24 24 23 23 24 23 24 24 ...
 23 23 26 25 24 27 26 29 ...
 26 27 28 27 28 25 27 30 ...
 29 30 32 30 32 33 32 34 ...
 38 37 37 38 37 38 40 40 ...
 43 40 42 42 43 45 48 51 ...
 49 45 48 48 52 53 52 45 ...
 38 35 34 36 40 44 49 53 ...
 57 58 64 72 78 76 75 78 ...
 78 76 79 84 94 108 226;
 48 38 34 36 38 39 40 42 43 ...
 43 44 46 46 47 48 48 49 ...
 51 54 55 58 59 61 63 64 ...
 65 66 68 69 73 77 79 81 ...
 82 85 85 88 88 91 92 94 ...
 95 98 98 102 107 111 112 114 ...
 115 117 117 119 121 123 125 129 ...
 131 132 134 136 139 139 142 143 ...
 144 146 148 151 153 153 155 158 ...
 159 161 164 163 164 166 167 168 ...
 171 173 173 177 178 179 179 180 ...
 182 184 185 185 187 187 189 190 ...
 190 191 192 194 194 195 196 196 ...
 195 195 195 196 198 200 202 202 ...
 205 206 207 209 212 212 212 213 ...
 215 213 215 216 218 221 127;
 153 202 202 204 204 205 206 208 208 ...
 208 209 210 210 211 212 212 212 ...
 214 215 215 217 217 218 218 219 ...
 219 219 220 220 221 223 223 223 ...
 223 224 224 225 225 225 225 225 ...
 225 225 225 226 227 227 227 227 ...
 226 227 227 226 226 226 226 226 ...
 226 226 226 226 226 226 226 226 ...
 226 226 226 226 226 226 227 227 ...
 227 226 227 226 226 226 226 226 ...
 226 225 225 225 226 225 225 224 ...
 225 225 225 224 224 224 224 224 ...
 225 224 224 224 224 224 224 223 ...
 222 222 222 221 222 222 222 222 ...
 222 222 222 222 223 222 223 223 ...
 223 223 222 222 223 223 127;
 170 229 228 228 228 228 228 228 228 ...
 228 227 227 228 229 228 228 227 ...
 228 228 228 228 228 228 228 228 ...
 228 228 228 228 228 228 227 227 ...
 227 227 228 228 227 228 228 228 ...
 227 227 227 228 228 228 227 227 ...
 227 227 226 226 227 226 226 226 ...
 226 226 226 226 226 226 226 226 ...
 226 226 226 226 226 226 226 226 ...
 226 226 226 225 225 225 225 226 ...
 225 224 224 224 225 224 225 224 ...
 224 224 224 224 223 223 223 223 ...
 224 224 223 223 222 223 223 223 ...
 222 222 221 221 221 221 221 221 ...
 221 221 221 221 221 221 222 222 ...
 222 221 221 221 221 222 213;
 170 228 228 229 228 228 228 228 227 ...
 228 227 227 228 228 228 228 228 ...
 228 228 228 228 228 228 228 228 ...
 228 228 228 228 228 228 228 228 ...
 228 227 227 227 227 227 227 227 ...
 227 227 227 227 228 227 227 227 ...
 227 227 227 226 226 226 226 226 ...
 226 226 226 226 225 225 226 226 ...
 226 226 225 225 225 226 226 226 ...
 225 225 225 225 225 225 225 225 ...
 224 224 223 224 224 224 224 223 ...
 223 223 223 223 223 223 223 222 ...
 222 223 223 223 222 222 222 222 ...
 221 222 221 221 222 221 220 220 ...
 220 221 220 220 220 220 220 220 ...
 220 220 220 220 221 220 209;
 169 228 228 228 227 227 228 227 226 ...
 227 227 226 227 227 228 228 228 ...
 227 227 227 227 227 228 228 227 ...
 227 227 228 227 227 227 227 227 ...
 227 227 227 226 226 226 226 226 ...
 226 226 226 226 227 226 226 226 ...
 226 226 226 226 226 225 225 225 ...
 225 225 225 225 224 225 225 225 ...
 226 225 225 225 225 225 225 225 ...
 224 224 224 224 224 224 223 223 ...
 223 223 223 223 223 224 223 223 ...
 223 222 222 222 222 222 222 222 ...
 221 221 221 222 222 222 222 221 ...
 220 221 222 221 221 220 220 220 ...
 220 221 220 219 220 220 220 219 ...
 219 219 219 219 219 219 208;
 169 228 227 227 226 226 227 226 226 ...
 226 226 226 226 226 226 227 226 ...
 226 227 226 226 227 227 227 227 ...
 227 227 227 226 227 226 227 226 ...
 226 227 226 226 226 226 226 226 ...
 225 226 226 226 226 225 225 225 ...
 225 225 225 225 225 224 225 225 ...
 225 225 225 225 225 224 225 224 ...
 224 224 224 224 225 225 224 224 ...
 223 223 224 224 224 223 223 223 ...
 223 223 223 223 223 223 223 223 ...
 222 222 222 222 222 223 222 222 ...
 222 221 221 221 221 221 221 221 ...
 220 220 221 221 220 220 219 220 ...
 220 220 220 220 219 219 219 220 ...
 219 219 219 219 219 220 206;
 169 227 227 226 226 227 227 227 226 ...
 226 226 226 226 226 226 227 227 ...
 227 227 226 226 226 227 226 227 ...
 226 226 226 226 226 226 226 226 ...
 226 226 226 225 226 226 226 225 ...
 225 226 226 226 226 226 225 225 ...
 225 225 225 225 225 224 224 225 ...
 225 225 225 225 225 225 224 223 ...
 224 223 224 224 225 224 225 225 ...
 224 224 224 224 224 224 224 224 ...
 223 223 223 223 223 222 222 223 ...
 223 223 222 222 222 222 222 222 ...
 221 221 222 221 221 221 221 221 ...
 221 220 221 221 221 220 220 221 ...
 220 220 219 219 219 218 220 220 ...
 221 220 220 219 219 219 206;
 169 228 227 227 227 227 227 227 227 ...
 227 227 227 226 226 227 227 227 ...
 227 227 227 227 227 227 227 227 ...
 226 227 226 226 226 226 226 226 ...
 226 226 225 226 226 226 226 226 ...
 226 226 226 226 225 226 225 225 ...
 225 226 225 226 225 225 224 225 ...
 225 225 225 225 225 225 224 225 ...
 225 224 224 225 224 224 224 224 ...
 224 224 224 224 224 224 224 224 ...
 223 223 223 222 222 222 222 223 ...
 223 223 222 222 221 222 222 222 ...
 221 221 222 222 222 221 221 221 ...
 220 220 221 221 220 220 221 220 ...
 219 219 220 219 219 218 219 220 ...
 220 220 220 219 219 218 207;
 169 228 227 227 227 227 227 227 226 ...
 226 227 227 227 227 227 227 227 ...
 227 228 227 227 227 227 227 227 ...
 227 227 226 226 226 226 226 227 ...
 227 227 226 226 226 226 226 226 ...
 226 226 226 226 225 226 226 226 ...
 225 226 225 225 225 225 225 225 ...
 225 225 225 225 225 225 223 225 ...
 225 224 224 225 224 224 224 224 ...
 224 224 224 224 224 224 224 224 ...
 223 223 223 223 223 223 223 223 ...
 222 222 222 222 221 221 222 222 ...
 221 221 222 222 222 221 221 221 ...
 220 220 221 221 220 220 220 219 ...
 219 219 220 219 218 218 219 219 ...
 219 219 219 219 219 220 207;
 169 228 227 227 227 228 228 227 227 ...
 227 227 227 226 227 227 227 227 ...
 227 227 227 227 227 227 227 227 ...
 227 227 227 226 226 226 226 226 ...
 226 226 226 226 226 226 226 227 ...
 226 226 226 227 227 226 226 226 ...
 226 226 225 225 225 226 225 225 ...
 225 225 225 225 225 225 223 224 ...
 224 223 225 224 224 224 224 224 ...
 224 224 224 224 224 224 224 223 ...
 224 224 224 223 223 223 223 222 ...
 222 222 222 221 221 222 222 221 ...
 221 221 221 220 220 220 220 221 ...
 220 220 221 220 220 220 219 220 ...
 220 219 219 219 218 218 218 220 ...
 219 219 218 219 219 220 207;
 169 228 227 227 228 229 227 228 227 ...
 227 227 227 226 227 227 226 226 ...
 226 226 226 226 226 226 227 226 ...
 226 226 226 226 226 226 226 226 ...
 226 226 226 226 225 226 226 226 ...
 226 226 226 225 226 225 225 225 ...
 225 225 225 225 225 225 225 225 ...
 225 225 224 224 224 224 223 223 ...
 223 223 224 224 224 223 224 224 ...
 224 224 224 224 224 223 223 223 ...
 223 223 222 222 222 222 222 221 ...
 221 222 222 221 222 222 221 221 ...
