function pixels = male128()
% Image size: [128 x 128]
pixels = [ 7 7 7 7 7 7 7 7 7 ...
 7 7 7 7 7 7 7 7 ...
 7 7 7 7 7 7 7 7 ...
 6 7 7 7 7 6 5 5 ...
 5 10 56 101 103 148 190 200 ...
 205 211 216 222 220 219 212 202 ...
 200 196 189 175 154 147 179 165 ...
 168 190 190 188 187 191 205 225 ...
 233 231 234 229 228 227 236 237 ...
 233 228 233 228 225 223 218 217 ...
 202 109 21 10 10 10 9 9 ...
 9 9 9 9 10 9 10 10 ...
 10 10 10 10 10 10 10 10 ...
 10 11 11 11 12 12 13 13 ...
 14 14 14 15 15 15 15 15 ...
 15 15 16 16 16 15 44;
 7 7 7 7 7 7 7 7 7 ...
 7 7 7 7 7 7 7 6 ...
 6 7 7 7 7 7 7 6 ...
 7 6 7 7 7 7 6 5 ...
 4 5 24 73 96 149 191 200 ...
 204 212 209 213 215 215 206 188 ...
 181 181 177 170 149 169 183 167 ...
 187 191 190 186 191 198 214 226 ...
 232 229 235 231 229 235 241 240 ...
 239 236 233 235 234 231 221 214 ...
 184 68 15 10 10 9 9 9 ...
 9 9 9 10 10 10 10 10 ...
 10 10 10 10 10 10 10 11 ...
 11 11 11 11 12 13 13 13 ...
 14 14 14 15 15 15 16 15 ...
 15 15 16 16 16 15 44;
 7 7 7 7 7 7 7 7 7 ...
 7 7 7 7 7 7 6 6 ...
 6 6 6 6 6 6 6 6 ...
 6 6 6 7 7 7 6 6 ...
 5 5 8 44 103 163 188 200 ...
 207 205 195 204 208 202 191 184 ...
 180 180 176 163 157 186 175 164 ...
 193 189 174 182 200 211 219 227 ...
 231 229 234 233 233 238 238 242 ...
 240 238 237 240 234 230 220 215 ...
 159 41 12 10 10 9 9 10 ...
 9 9 9 9 9 10 10 10 ...
 10 10 10 10 10 10 10 10 ...
 11 11 11 11 12 12 13 13 ...
 14 14 14 15 15 16 16 15 ...
 15 15 16 16 16 15 39;
 7 7 7 7 7 7 7 7 7 ...
 7 7 7 7 7 7 6 6 ...
 6 6 6 6 6 6 6 6 ...
 6 6 6 7 7 7 7 6 ...
 5 5 5 28 114 170 189 190 ...
 193 201 194 185 190 189 182 178 ...
 179 180 179 160 183 197 172 168 ...
 178 165 173 206 214 219 222 230 ...
 230 235 227 229 235 237 238 241 ...
 238 238 241 241 233 231 223 209 ...
 113 23 11 10 10 9 9 9 ...
 10 9 9 9 10 9 10 10 ...
 10 10 10 10 10 10 10 10 ...
 10 11 11 12 12 13 13 13 ...
 14 14 14 15 15 16 16 15 ...
 15 15 16 16 16 15 34;
 7 7 7 6 6 7 7 7 7 ...
 7 7 7 7 7 6 6 6 ...
 6 6 6 6 6 6 6 6 ...
 6 6 6 6 6 7 7 6 ...
 5 5 5 26 115 162 181 186 ...
 188 191 180 170 175 178 180 181 ...
 180 181 171 172 205 210 188 184 ...
 178 179 198 211 216 218 214 225 ...
 235 234 231 236 240 237 240 241 ...
 243 244 237 235 232 227 222 194 ...
 75 17 10 10 9 9 9 9 ...
 9 9 9 9 9 9 9 10 ...
 10 10 10 10 10 10 10 10 ...
 11 11 11 12 12 13 13 14 ...
 14 14 15 15 15 16 16 16 ...
 15 15 16 16 16 15 27;
 7 7 6 6 6 7 7 6 6 ...
 7 6 7 7 6 6 6 6 ...
 6 6 6 6 6 6 7 6 ...
 6 6 6 6 6 6 6 6 ...
 5 5 6 45 128 155 172 176 ...
 186 183 182 178 174 176 182 186 ...
 183 184 170 188 210 211 189 170 ...
 179 198 210 217 225 227 224 219 ...
 228 236 237 237 236 238 240 244 ...
 244 248 244 241 234 230 231 200 ...
 66 15 10 10 10 10 9 9 ...
 9 10 10 10 10 10 10 10 ...
 10 10 10 10 10 11 11 11 ...
 11 11 12 12 12 13 13 14 ...
 14 14 15 15 16 16 16 16 ...
 16 16 16 16 16 15 10;
 6 6 6 6 6 6 7 7 6 ...
 7 6 6 6 6 6 6 6 ...
 6 6 6 6 6 6 6 6 ...
 6 6 6 6 6 6 6 6 ...
 5 5 10 77 151 166 178 183 ...
 184 184 183 182 183 181 175 185 ...
 185 175 179 199 207 198 171 182 ...
 196 204 207 220 227 223 221 227 ...
 233 238 237 239 244 239 242 246 ...
 241 244 243 240 234 231 236 215 ...
 82 17 10 11 10 9 10 9 ...
 9 9 10 10 10 10 10 10 ...
 10 10 10 10 11 11 11 11 ...
 11 12 12 12 13 13 14 14 ...
 14 15 15 15 16 16 16 16 ...
 16 16 16 16 16 15 1;
 6 6 6 6 6 6 7 7 7 ...
 7 7 6 6 6 6 6 6 ...
 6 6 6 6 6 6 6 6 ...
 6 6 6 6 6 6 6 6 ...
 5 5 24 106 154 166 174 182 ...
 184 176 177 182 188 188 188 187 ...
 182 178 195 198 191 176 178 199 ...
 206 210 209 218 226 228 229 236 ...
 244 241 242 246 243 243 243 243 ...
 241 238 240 237 243 237 234 225 ...
 138 29 12 10 10 9 9 10 ...
 10 10 10 10 10 10 10 10 ...
 10 10 10 11 11 11 11 11 ...
 11 12 12 13 13 13 14 14 ...
 14 15 15 15 16 16 16 16 ...
 16 16 16 16 16 15 0;
 6 6 6 6 6 6 6 6 7 ...
 6 6 6 6 6 6 6 6 ...
 6 6 6 6 6 6 6 6 ...
 6 6 6 6 6 6 6 5 ...
 5 8 60 133 162 171 174 179 ...
 176 180 182 182 185 188 190 186 ...
 183 185 200 192 177 178 199 217 ...
 216 211 210 210 217 227 231 230 ...
 235 237 237 240 242 242 244 246 ...
 239 235 237 238 235 230 230 224 ...
 198 76 17 11 11 10 10 10 ...
 10 10 10 10 10 10 10 10 ...
 10 11 11 11 11 11 11 11 ...
 12 12 12 13 13 14 14 14 ...
 15 15 15 16 16 16 16 16 ...
 16 16 16 16 17 16 1;
 6 6 6 6 5 6 6 6 6 ...
 6 6 6 6 6 6 6 6 ...
 6 5 5 6 6 6 6 6 ...
 6 5 6 6 6 6 5 5 ...
 5 25 107 155 172 172 168 173 ...
 175 172 173 183 190 192 190 191 ...
 186 194 196 187 186 199 217 223 ...
 214 209 196 203 217 227 230 228 ...
 232 235 238 241 239 236 237 235 ...
 237 232 231 231 225 224 225 218 ...
 213 159 46 14 11 11 10 10 ...
 10 10 10 10 10 10 10 11 ...
 11 11 11 11 11 11 11 12 ...
 12 12 13 13 13 14 14 15 ...
 15 15 15 16 16 16 16 16 ...
 16 16 16 17 17 16 1;
 6 6 6 6 6 6 6 6 6 ...
 6 6 6 6 6 6 6 6 ...
 6 5 5 5 6 6 6 6 ...
 5 6 6 6 6 6 5 5 ...
 9 64 133 159 166 164 161 164 ...
 168 177 184 192 197 190 185 181 ...
 180 181 188 198 203 212 214 211 ...
 207 200 190 199 216 219 221 225 ...
 224 222 226 234 232 228 232 225 ...
 230 226 223 224 222 223 230 230 ...
 225 211 129 31 12 11 11 11 ...
 11 11 11 10 10 11 11 11 ...
 11 11 11 11 11 11 12 12 ...
 12 12 13 13 14 14 14 15 ...
 15 15 16 16 16 16 16 16 ...
 16 16 16 17 17 16 1;
 5 5 5 5 5 6 6 6 6 ...
 5 6 5 5 6 6 5 5 ...
 5 5 5 5 5 5 5 5 ...
 5 6 6 6 5 5 5 5 ...
 26 104 145 160 158 159 163 166 ...
 177 184 183 193 192 190 187 176 ...
 185 189 199 202 201 207 203 199 ...
 201 205 192 196 210 211 213 217 ...
 219 217 215 225 227 229 229 223 ...
 217 222 215 223 218 216 223 226 ...
 227 224 201 103 23 11 11 11 ...
 11 11 11 11 10 10 11 11 ...
 11 11 11 11 11 12 12 12 ...
 12 12 13 13 14 14 14 15 ...
 15 15 16 16 16 16 16 16 ...
 16 16 16 17 17 16 1;
 5 5 5 5 5 5 5 6 5 ...
 5 5 5 5 5 5 5 5 ...
 5 5 5 5 5 5 5 5 ...
 5 5 6 5 5 5 4 9 ...
 66 131 152 156 164 163 169 164 ...
 169 177 184 184 183 189 185 179 ...
 183 192 201 195 196 201 204 199 ...
 200 202 198 199 205 212 216 220 ...
 220 216 219 222 221 224 218 216 ...
 225 227 216 216 217 212 214 215 ...
 220 222 216 187 78 18 11 11 ...
 11 11 11 11 11 11 11 11 ...
 11 11 11 11 12 12 12 12 ...
 12 13 13 14 14 14 15 15 ...
 15 15 16 16 16 16 16 16 ...
 16 16 16 17 17 16 1;
 5 5 5 5 5 5 5 5 5 ...
 5 5 5 5 5 5 5 5 ...
 5 5 5 5 4 5 5 5 ...
 5 5 5 5 5 4 5 30 ...
 103 137 149 154 167 169 164 170 ...
 176 178 184 183 185 185 185 178 ...
 177 189 199 196 187 195 204 204 ...
 201 206 209 205 208 218 224 229 ...
 229 223 224 222 223 223 225 217 ...
 222 220 218 217 211 207 208 211 ...
 213 210 208 209 168 54 15 12 ...
 12 11 11 11 11 11 11 11 ...
 11 11 11 11 12 12 12 12 ...
 12 13 13 14 14 14 15 15 ...
 15 15 15 16 16 16 16 16 ...
 16 16 17 18 18 16 2;
 5 5 5 5 5 5 5 5 5 ...
 5 5 5 5 5 5 5 5 ...
 5 5 5 5 4 5 5 5 ...
 5 5 5 4 4 4 10 71 ...
 133 150 158 163 167 169 155 164 ...
 180 174 174 187 195 185 178 178 ...
 179 185 194 199 196 195 197 201 ...
 201 207 209 209 214 212 222 224 ...
 222 222 223 228 226 222 221 219 ...
 216 213 206 202 199 202 203 201 ...
 199 197 200 200 196 134 57 26 ...
 14 13 12 12 12 11 11 12 ...
 12 12 12 12 12 12 12 12 ...
 13 13 14 14 14 14 15 15 ...
 15 15 15 16 16 16 16 16 ...
 16 16 17 18 18 16 2;
 5 5 5 5 5 5 5 5 5 ...
 5 5 5 5 5 4 5 5 ...
 5 5 4 4 4 4 5 5 ...
 4 4 4 4 4 5 35 116 ...
 149 159 163 167 169 174 174 179 ...
 180 176 177 171 184 183 185 186 ...
 190 198 201 202 202 197 197 207 ...
 205 210 204 219 224 216 219 218 ...
 219 217 223 227 230 226 218 213 ...
 218 210 196 195 197 198 200 205 ...
 197 207 205 203 206 198 187 154 ...
 99 46 19 13 13 12 12 12 ...
 12 12 12 12 12 12 12 12 ...
 13 13 14 14 14 14 15 15 ...
 15 15 15 16 16 16 16 16 ...
 16 16 17 18 18 16 2;
 4 4 5 4 4 5 5 5 5 ...
 5 5 5 5 4 4 4 4 ...
 4 4 4 4 4 4 4 4 ...
 4 4 4 4 4 12 80 138 ...
 156 167 166 165 173 172 181 189 ...
 182 185 187 185 190 178 179 184 ...
 190 188 192 195 198 200 207 214 ...
 214 222 213 217 217 214 212 217 ...
 217 215 221 226 225 230 219 217 ...
 213 200 195 195 196 193 198 202 ...
 206 211 209 212 214 207 205 212 ...
 204 174 116 50 18 13 13 13 ...
