function pixels = nallo128()
% Image size: [128 x 128]
pixels = [ 1 1 1 2 2 2 2 2 2 ...
 3 3 3 3 3 3 4 4 ...
 4 4 4 4 4 4 5 5 ...
 5 5 5 5 5 5 5 5 ...
 5 5 5 5 5 5 5 5 ...
 5 5 5 5 5 5 5 5 ...
 5 5 5 5 5 5 5 5 ...
 5 5 5 5 4 4 4 4 ...
 4 4 4 4 4 4 4 4 ...
 4 4 4 4 4 4 4 4 ...
 4 4 4 4 4 4 4 4 ...
 4 4 4 4 4 4 4 4 ...
 4 4 4 4 4 4 4 4 ...
 4 4 3 3 3 3 3 3 ...
 3 3 3 3 3 3 3 3 ...
 2 2 2 2 2 2 0;
 1 1 1 2 2 2 2 2 2 ...
 3 3 3 3 3 4 4 4 ...
 4 4 4 4 5 5 5 5 ...
 5 5 5 5 5 5 5 5 ...
 5 5 5 5 5 5 5 5 ...
 5 5 5 5 5 5 5 5 ...
 5 5 5 5 5 5 5 5 ...
 5 5 5 5 5 5 5 5 ...
 5 5 5 4 4 4 4 4 ...
 5 4 4 5 5 5 5 5 ...
 5 5 5 5 5 5 4 4 ...
 4 4 4 4 4 4 4 4 ...
 4 4 4 4 4 4 4 4 ...
 4 4 4 4 3 3 3 3 ...
 3 3 3 3 3 3 3 3 ...
 3 3 2 2 2 2 0;
 1 1 2 2 2 2 2 2 3 ...
 3 3 3 4 4 4 4 4 ...
 4 5 5 5 5 5 5 5 ...
 5 6 6 6 6 6 6 6 ...
 6 6 6 6 6 6 6 6 ...
 6 6 6 6 6 6 6 5 ...
 5 5 5 5 5 5 5 5 ...
 5 5 5 5 5 5 5 5 ...
 5 5 5 5 5 5 5 5 ...
 5 5 5 5 5 5 5 5 ...
 5 5 5 5 5 5 5 5 ...
 5 5 5 5 5 5 5 5 ...
 5 5 5 4 4 4 4 4 ...
 4 4 4 4 4 4 4 3 ...
 3 3 3 3 3 3 3 3 ...
 3 3 3 3 2 2 0;
 2 2 2 2 2 2 2 3 4 ...
 4 4 5 5 5 5 5 5 ...
 6 6 6 6 6 6 7 7 ...
 7 7 7 7 7 7 7 7 ...
 7 7 7 7 7 7 7 7 ...
 7 7 7 7 7 7 7 7 ...
 7 7 7 6 6 6 6 6 ...
 6 6 6 6 6 6 6 6 ...
 6 6 6 6 6 6 6 6 ...
 6 6 6 6 6 6 6 6 ...
 6 6 6 6 6 6 6 6 ...
 6 6 6 6 6 6 6 6 ...
 6 5 5 5 5 5 5 5 ...
 5 5 5 4 4 4 4 4 ...
 4 4 4 4 4 4 3 3 ...
 3 3 3 3 3 3 0;
 11 11 11 11 11 12 13 16 44 ...
 86 82 75 71 68 64 59 56 ...
 57 61 71 73 74 74 76 76 ...
 74 75 74 75 75 78 85 85 ...
 82 78 79 81 81 82 79 74 ...
 70 69 66 65 62 59 58 57 ...
 56 54 52 52 51 52 51 51 ...
 51 49 49 50 50 48 46 45 ...
 43 41 39 38 36 35 33 33 ...
 35 35 36 36 39 41 41 41 ...
 41 38 36 37 35 35 34 33 ...
 33 33 32 33 33 33 33 34 ...
 35 34 33 30 29 28 27 27 ...
 26 25 23 21 19 18 17 16 ...
 15 14 14 14 13 13 13 13 ...
 13 12 12 12 11 11 0;
 22 22 22 22 23 24 25 27 52 ...
 191 213 200 189 179 172 162 157 ...
 162 182 195 202 204 205 210 214 ...
 213 214 216 215 215 229 247 248 ...
 238 217 234 243 248 253 245 230 ...
 218 211 210 209 199 192 186 179 ...
 172 163 158 162 164 165 167 167 ...
 166 163 164 165 165 160 154 149 ...
 145 140 135 129 124 121 118 121 ...
 129 131 134 134 143 162 167 167 ...
 165 153 156 153 141 137 135 133 ...
 137 142 140 147 150 147 150 162 ...
 164 157 151 142 136 133 130 131 ...
 127 124 114 97 84 84 81 74 ...
 70 68 67 67 66 65 65 64 ...
 64 63 62 61 60 59 0;
 21 21 21 22 22 23 24 25 29 ...
 131 214 211 206 194 180 171 188 ...
 192 205 212 215 215 216 219 223 ...
 225 227 234 231 229 243 255 254 ...
 246 231 243 249 249 251 246 239 ...
 229 219 218 223 216 205 197 187 ...
 182 172 167 168 168 169 171 171 ...
 169 165 166 166 164 160 153 148 ...
 146 143 138 132 127 126 126 132 ...
 139 143 141 134 147 177 193 186 ...
 185 184 177 160 151 146 145 143 ...
 145 151 153 164 172 168 175 182 ...
 176 167 163 153 152 149 146 146 ...
 143 136 122 104 90 88 88 83 ...
 81 79 78 79 78 78 76 76 ...
 75 74 73 73 71 71 0;
 20 20 21 21 21 21 23 24 26 ...
 67 192 210 205 197 178 190 223 ...
 211 217 223 227 226 224 222 224 ...
 229 232 244 240 229 239 249 254 ...
 246 235 234 234 234 235 232 227 ...
 217 207 200 209 210 198 189 176 ...
 172 168 164 161 161 161 160 160 ...
 158 155 154 154 151 149 144 140 ...
 138 135 131 126 124 124 126 136 ...
 141 136 134 131 155 181 192 187 ...
 191 189 165 148 142 138 141 141 ...
 143 146 150 162 171 174 178 173 ...
 166 161 157 148 148 147 143 141 ...
 139 134 127 112 96 86 82 81 ...
 82 84 81 81 79 78 77 77 ...
 76 75 74 74 72 72 0;
 20 20 20 20 20 20 21 22 24 ...
 30 126 200 202 197 187 196 233 ...
 226 239 243 245 233 226 230 229 ...
 228 239 245 241 232 235 248 252 ...
 246 236 228 227 224 219 217 222 ...
 216 204 192 195 198 190 182 171 ...
 164 160 160 159 154 152 151 151 ...
 150 149 148 145 143 141 137 131 ...
 128 126 125 123 121 125 132 142 ...
 144 130 130 124 132 156 177 185 ...
 192 183 158 144 138 136 141 139 ...
 142 147 154 168 172 177 176 167 ...
 161 157 154 146 144 143 138 137 ...
 134 124 123 116 101 86 81 81 ...
 90 99 93 87 82 80 79 77 ...
 77 76 75 74 74 73 2;
 19 19 20 20 20 20 20 21 22 ...
 24 61 187 203 201 195 194 221 ...
 240 240 229 222 223 228 232 231 ...
 227 227 234 237 231 232 248 252 ...
 248 240 228 222 218 217 222 233 ...
 229 218 197 191 184 180 175 168 ...
 162 162 173 172 162 149 146 147 ...
 146 146 146 144 141 136 132 126 ...
 122 121 122 123 127 138 142 146 ...
 145 141 134 125 119 132 159 170 ...
 184 171 151 144 138 139 141 138 ...
 141 147 155 166 168 167 165 160 ...
 157 156 149 143 139 136 132 132 ...
 126 115 118 117 97 85 83 82 ...
 89 104 101 96 89 84 81 79 ...
 79 77 76 75 74 73 5;
 18 19 20 20 20 21 21 20 22 ...
 23 30 130 203 199 187 186 205 ...
 229 232 225 223 223 223 223 225 ...
 228 229 233 231 228 232 250 253 ...
 253 243 229 220 218 223 230 231 ...
 221 208 194 185 182 179 174 168 ...
 170 176 191 197 182 162 160 153 ...
 147 147 148 150 149 143 138 132 ...
 126 124 126 128 135 147 146 145 ...
 144 140 138 137 135 143 152 155 ...
 171 167 151 144 139 141 140 143 ...
 144 147 154 158 158 156 154 151 ...
 150 150 145 139 132 130 129 131 ...
 129 121 111 100 92 91 89 84 ...
 86 101 100 95 91 87 83 80 ...
 80 82 81 77 76 75 7;
 17 17 19 19 20 21 22 21 21 ...
 22 24 65 184 210 216 218 209 ...
 209 215 218 221 216 214 217 220 ...
 228 235 236 235 231 234 250 253 ...
 251 240 225 216 213 215 215 212 ...
 205 195 186 183 189 199 194 189 ...
 193 194 200 201 188 181 187 171 ...
 167 163 161 158 161 157 153 146 ...
 136 133 134 136 141 151 152 146 ...
 143 140 139 140 142 143 136 135 ...
 149 157 154 147 143 149 148 154 ...
 149 148 151 149 147 146 145 144 ...
 145 144 140 133 127 125 124 124 ...
 135 130 118 112 98 94 91 89 ...
 89 100 99 94 92 89 85 83 ...
 82 84 82 78 77 76 9;
 16 17 17 18 20 20 20 21 21 ...
 22 23 27 93 195 193 228 224 ...
 215 212 212 210 208 211 214 219 ...
 225 231 231 233 228 230 240 241 ...
 241 233 221 209 208 208 205 199 ...
 195 195 200 205 213 222 209 196 ...
 191 184 185 191 188 181 186 196 ...
 193 182 178 172 178 183 183 175 ...
 160 154 152 149 150 155 155 146 ...
 142 138 136 137 142 140 129 121 ...
 119 138 151 149 145 151 152 159 ...
 160 151 146 144 143 140 139 138 ...
 136 133 130 126 122 119 119 117 ...
 119 120 119 121 116 104 93 93 ...
 95 99 97 93 94 93 87 86 ...
 88 88 87 83 79 76 9;
 15 16 16 16 19 20 19 20 20 ...
 20 22 23 29 48 48 97 135 ...
 192 206 204 198 197 206 215 219 ...
 223 223 222 218 220 225 230 229 ...
 226 220 214 204 201 203 195 188 ...
 192 202 215 212 210 207 201 188 ...
 180 174 177 189 199 192 196 205 ...
 204 193 184 189 200 206 203 196 ...
 181 172 165 164 162 159 151 144 ...
 142 140 138 138 141 139 128 114 ...
 109 122 141 146 145 149 151 161 ...
 163 150 143 142 139 134 132 131 ...
 127 124 121 120 117 114 114 112 ...
 112 112 114 114 118 108 96 92 ...
 96 95 91 88 92 98 96 95 ...
 96 93 97 90 80 78 10;
 15 15 16 17 16 16 18 19 20 ...
 19 20 22 22 23 28 31 33 ...
 104 189 186 181 180 194 195 197 ...
 212 207 204 213 226 230 226 220 ...
 209 204 203 200 195 191 180 173 ...
 177 193 204 202 197 189 183 172 ...
 165 163 168 179 186 183 188 196 ...
 200 196 190 196 200 197 191 181 ...
 168 160 157 153 148 147 143 139 ...
 144 148 147 143 145 148 136 117 ...
 109 114 131 137 136 145 158 167 ...
 161 150 150 149 140 133 132 128 ...
 122 120 118 114 112 111 109 105 ...
 106 106 105 105 110 110 106 99 ...
 95 93 97 98 89 89 93 97 ...
 97 102 116 120 84 79 6;
 15 15 15 16 16 16 16 17 18 ...
 18 19 20 21 22 22 24 26 ...
 48 153 169 160 161 168 163 171 ...
 195 197 220 233 234 230 220 209 ...
 186 172 177 182 180 177 170 172 ...
 170 179 186 188 181 174 166 159 ...
 157 160 163 171 173 175 184 189 ...
 192 191 190 193 196 192 173 161 ...
 157 153 151 146 142 138 135 136 ...
 144 153 155 149 149 152 137 115 ...
 109 112 127 124 121 147 155 159 ...
 158 163 175 181 158 147 143 133 ...
 125 123 119 112 110 109 108 107 ...
 109 107 104 105 108 105 105 108 ...
 107 119 138 137 114 95 100 102 ...
