function pixels = phonecalc128()
% Image size: [128 x 128]
pixels = [ 198 200 202 203 204 207 208 209 210 ...
 213 215 215 219 220 221 225 222 ...
 225 225 227 226 228 230 227 230 ...
 230 232 233 232 232 234 236 236 ...
 235 236 235 236 237 238 238 239 ...
 237 237 234 234 236 238 236 233 ...
 230 231 230 232 233 236 237 238 ...
 238 239 239 237 235 234 233 232 ...
 234 236 235 233 235 236 236 237 ...
 237 238 238 238 236 236 235 233 ...
 235 236 237 235 235 235 235 233 ...
 235 234 233 233 232 233 232 230 ...
 229 229 226 227 227 225 225 223 ...
 223 225 221 221 220 219 219 216 ...
 217 216 216 214 211 211 210 209 ...
 207 206 205 202 205 112 212;
 198 202 203 204 204 208 208 209 210 ...
 215 215 217 217 222 222 225 225 ...
 225 228 226 229 228 230 229 230 ...
 231 232 233 231 231 232 236 234 ...
 235 236 237 236 237 237 238 239 ...
 240 237 235 234 236 237 234 233 ...
 230 231 230 232 234 237 239 239 ...
 238 240 237 238 234 232 233 232 ...
 233 233 231 231 234 236 237 237 ...
 236 238 239 235 238 238 237 234 ...
 235 235 235 237 236 234 234 234 ...
 235 234 234 232 232 231 232 229 ...
 228 230 226 227 226 224 225 222 ...
 224 224 223 221 221 220 218 217 ...
 217 216 215 213 213 211 211 209 ...
 209 207 205 202 205 124 213;
 200 202 204 203 206 208 209 210 210 ...
 215 216 218 217 221 223 224 226 ...
 226 227 228 229 228 230 231 230 ...
 233 232 233 232 233 234 234 233 ...
 236 235 237 238 238 238 239 241 ...
 239 237 236 235 236 235 237 233 ...
 233 233 233 234 235 237 238 239 ...
 238 238 236 236 235 233 232 231 ...
 231 230 230 231 232 236 236 237 ...
 236 238 237 237 237 239 237 235 ...
 236 237 237 237 237 235 234 233 ...
 234 232 234 233 232 231 231 232 ...
 228 230 228 228 227 224 224 224 ...
 224 222 223 220 222 219 219 218 ...
 218 217 216 214 213 214 211 209 ...
 207 206 207 203 205 146 214;
 200 202 204 206 208 208 210 212 213 ...
 213 217 217 217 220 222 225 226 ...
 227 226 229 229 229 231 231 231 ...
 233 233 234 231 235 236 234 237 ...
 236 237 237 238 239 239 239 240 ...
 240 238 235 238 238 237 236 234 ...
 234 236 237 236 237 238 239 239 ...
 237 239 237 237 233 233 233 232 ...
 232 228 229 230 233 234 237 237 ...
 237 240 237 237 238 238 237 237 ...
 236 238 238 235 236 236 235 235 ...
 233 232 234 232 233 231 231 232 ...
 228 231 228 230 226 225 225 224 ...
 225 224 223 223 222 220 219 216 ...
 218 216 216 214 213 213 210 211 ...
 209 208 207 206 204 173 216;
 199 203 206 208 208 209 210 212 213 ...
 213 218 217 218 221 222 223 226 ...
 226 227 230 230 228 230 229 233 ...
 231 231 233 233 235 237 235 235 ...
 237 238 240 238 241 240 241 240 ...
 238 236 234 238 239 238 236 236 ...
 236 237 239 238 235 237 237 237 ...
 237 236 238 234 232 231 232 233 ...
 232 227 226 229 231 234 237 236 ...
 238 240 239 239 237 238 238 235 ...
 235 237 238 236 236 236 234 233 ...
 232 231 233 234 234 232 230 231 ...
 231 231 228 231 229 227 227 226 ...
 226 225 223 222 223 220 219 216 ...
 218 218 217 217 214 213 210 211 ...
 209 209 207 206 203 195 215;
 200 203 206 209 210 211 211 212 213 ...
 213 216 219 220 220 220 221 224 ...
 226 227 229 228 228 231 230 231 ...
 231 230 231 234 234 234 235 234 ...
 239 240 240 238 241 241 240 241 ...
 238 237 235 237 236 239 236 238 ...
 237 237 236 235 234 234 236 235 ...
 235 235 235 233 233 232 232 232 ...
 232 229 225 227 232 235 236 236 ...
 239 241 239 239 239 239 237 237 ...
 236 236 237 237 235 237 233 231 ...
 230 230 232 234 235 234 232 232 ...
 231 230 231 230 229 227 227 226 ...
 226 226 221 221 221 219 219 220 ...
 218 218 218 218 215 214 212 211 ...
 209 208 208 207 204 204 217;
 202 203 204 208 209 211 211 213 214 ...
 214 217 219 219 221 221 223 224 ...
 226 228 229 227 229 229 232 231 ...
 231 233 229 233 235 233 235 237 ...
 237 240 240 240 240 239 238 239 ...
 237 237 236 237 237 235 236 238 ...
 237 235 235 232 233 233 234 234 ...
 232 233 234 233 234 231 231 233 ...
 234 231 226 230 232 235 235 238 ...
 240 242 240 239 239 237 238 236 ...
 235 236 234 235 236 235 232 232 ...
 233 230 231 233 236 234 233 234 ...
 230 230 231 230 229 228 227 226 ...
 225 225 222 223 223 222 220 219 ...
 219 218 218 217 215 214 213 212 ...
 211 210 209 207 207 207 216;
 202 203 204 210 209 210 212 215 216 ...
 215 218 218 218 221 223 223 224 ...
 226 228 228 229 229 230 231 232 ...
 234 235 230 232 235 236 236 237 ...
 239 238 239 239 239 238 237 238 ...
 237 238 238 240 236 236 235 236 ...
 235 233 233 232 232 231 232 232 ...
 232 232 231 230 231 231 233 235 ...
 236 232 230 232 234 234 236 239 ...
 239 243 240 238 237 237 237 237 ...
 233 234 233 235 234 234 233 233 ...
 233 231 233 234 234 232 230 235 ...
 233 230 230 231 230 228 227 226 ...
 225 225 223 223 221 221 222 218 ...
 219 219 216 217 217 215 214 213 ...
 212 210 208 208 206 207 216;
 203 205 206 209 209 212 213 214 215 ...
 217 217 219 221 220 223 225 225 ...
 225 227 229 229 228 231 232 233 ...
 233 234 231 232 236 236 237 237 ...
 239 236 238 237 238 237 237 235 ...
 237 241 238 239 236 235 233 234 ...
 234 235 236 232 232 230 230 232 ...
 232 232 229 229 230 231 234 235 ...
 237 233 234 236 234 237 238 237 ...
 240 241 238 237 237 235 237 235 ...
 232 233 231 234 234 234 233 234 ...
 235 233 232 235 234 232 232 234 ...
 233 232 230 230 232 228 228 228 ...
 227 225 224 224 222 221 222 220 ...
 217 220 217 219 217 216 213 214 ...
 211 210 209 207 207 205 217;
 202 205 206 208 209 212 213 214 217 ...
 217 219 220 220 221 222 227 225 ...
 226 226 230 227 230 229 230 233 ...
 234 233 233 236 235 234 237 234 ...
 237 236 236 237 237 236 237 235 ...
 237 238 238 236 235 234 232 234 ...
 236 236 234 233 231 230 231 230 ...
 230 229 227 227 229 230 235 237 ...
 239 236 237 238 236 239 237 236 ...
 237 238 237 237 234 234 235 234 ...
 233 233 232 233 234 233 234 235 ...
 236 234 234 236 235 233 233 234 ...
 233 231 231 232 231 227 228 227 ...
 227 226 225 224 223 221 221 219 ...
 217 219 217 216 217 217 214 212 ...
 210 209 209 208 207 204 218;
 203 206 206 210 210 211 212 215 217 ...
 218 219 221 221 221 222 226 225 ...
 224 228 229 228 231 228 231 231 ...
 234 235 234 236 235 234 234 234 ...
 236 237 236 237 237 237 235 236 ...
 236 236 236 235 234 234 232 232 ...
 236 234 235 234 232 232 232 229 ...
 230 229 227 228 230 233 235 239 ...
 239 237 239 238 237 238 237 236 ...
 236 236 237 237 235 235 233 233 ...
 235 235 233 234 232 233 235 235 ...
 237 237 235 236 235 235 232 234 ...
 234 232 231 230 229 229 228 228 ...
 227 229 227 225 224 222 223 219 ...
 219 217 216 218 218 216 215 212 ...
 211 210 210 209 205 204 220;
 205 207 209 210 210 212 214 215 216 ...
 217 220 221 220 222 224 225 226 ...
 225 229 229 233 229 230 230 230 ...
 233 233 234 236 234 233 234 236 ...
 236 238 238 237 239 235 236 236 ...
 235 235 234 233 233 236 234 235 ...
 236 233 236 233 233 230 232 231 ...
 231 232 230 231 231 233 237 238 ...
 238 237 237 237 238 236 238 235 ...
 234 236 236 236 237 234 234 234 ...
 235 232 234 233 235 235 235 235 ...
 236 236 239 237 236 236 233 232 ...
 232 231 233 231 228 228 228 227 ...
 227 227 228 228 224 225 223 223 ...
 221 219 218 218 218 218 214 215 ...
 213 210 210 208 207 203 220;
 205 207 209 210 212 211 214 214 215 ...
 217 218 222 223 221 223 225 225 ...
 226 227 228 229 230 229 229 231 ...
 234 233 232 235 232 234 235 237 ...
 236 237 238 238 238 234 234 232 ...
 234 235 232 233 234 233 232 232 ...
 234 234 233 233 231 231 232 234 ...
 233 233 232 234 235 235 236 233 ...
 235 235 235 236 235 235 236 233 ...
 234 235 236 238 236 234 234 233 ...
 235 235 235 236 236 238 236 236 ...
 237 238 237 237 236 236 232 230 ...
 230 231 231 231 229 227 226 227 ...
 228 228 228 226 225 226 225 224 ...
 222 222 219 217 219 218 213 214 ...
 213 211 211 208 208 206 220;
 206 209 208 211 212 211 215 215 214 ...
 216 219 222 223 223 225 226 226 ...
 227 229 229 229 231 229 230 229 ...
 232 232 234 234 232 234 234 237 ...
 235 236 237 235 236 234 234 232 ...
 234 233 232 233 233 231 229 231 ...
 232 233 232 231 228 230 233 233 ...
