function pixels = suburbleft128()
% Image size: [128 x 128]
pixels = [ 51 62 77 102 132 164 184 178 178 ...
 176 174 169 162 162 167 161 156 ...
 164 162 161 162 159 152 132 97 ...
 69 76 75 59 75 91 91 108 ...
 115 108 78 102 99 68 80 83 ...
 57 52 62 66 72 69 82 52 ...
 40 86 91 108 130 121 85 52 ...
 11 33 40 29 23 74 101 85 ...
 79 70 64 46 59 37 6 8 ...
 16 24 45 86 121 122 124 113 ...
 103 113 108 104 103 105 100 86 ...
 80 84 81 54 31 38 67 73 ...
 72 64 68 76 97 153 160 187 ...
 119 117 136 202 208 214 209 164 ...
 75 57 66 106 115 103 97 90 ...
 82 87 91 92 74 55 72;
 63 65 87 121 148 180 177 168 171 ...
 171 171 171 163 164 158 155 155 ...
 161 159 160 159 151 134 100 65 ...
 64 81 83 78 69 82 94 112 ...
 103 74 66 88 65 55 75 71 ...
 58 68 65 57 51 57 72 42 ...
 47 97 103 104 117 105 78 48 ...
 10 26 32 40 43 69 101 107 ...
 98 65 61 66 65 66 52 29 ...
 23 29 53 122 142 125 108 106 ...
 104 103 101 103 107 100 99 86 ...
 75 78 72 25 12 101 213 123 ...
 73 62 67 88 137 146 149 188 ...
 133 124 147 201 207 211 207 148 ...
 33 19 29 115 144 140 136 113 ...
 48 46 53 73 84 68 72;
 86 84 110 127 157 181 170 159 162 ...
 166 172 173 170 168 156 156 162 ...
 162 157 153 156 148 108 69 55 ...
 85 88 64 58 63 56 79 86 ...
 66 53 66 77 64 56 64 38 ...
 27 32 32 59 58 60 70 54 ...
 76 109 94 94 107 97 83 43 ...
 7 31 49 64 43 66 100 96 ...
 81 68 65 68 77 85 101 59 ...
 23 32 59 122 135 132 110 110 ...
 107 101 100 97 101 104 95 78 ...
 72 75 74 30 21 105 227 136 ...
 73 61 65 84 140 145 146 183 ...
 145 108 111 196 206 210 213 176 ...
 97 56 30 68 98 113 123 127 ...
 116 115 128 101 122 136 98;
 99 101 125 141 157 169 168 164 164 ...
 169 169 169 169 168 159 164 163 ...
 158 152 150 150 144 95 51 61 ...
 70 86 57 51 52 61 81 65 ...
 47 36 55 53 52 27 42 17 ...
 27 57 86 106 77 90 70 72 ...
 105 118 90 93 106 101 103 63 ...
 8 33 60 88 69 89 101 86 ...
 74 75 81 80 81 100 110 66 ...
 17 33 62 114 136 134 103 108 ...
 104 97 91 87 90 101 94 83 ...
 77 83 82 38 16 89 225 145 ...
 72 54 45 41 62 90 112 155 ...
 162 105 119 200 208 211 219 197 ...
 131 75 13 10 19 33 57 145 ...
 199 207 208 179 205 198 127;
 90 121 122 126 148 156 158 166 167 ...
 167 167 168 164 158 157 165 164 ...
 154 150 148 145 136 89 41 51 ...
 54 48 37 55 49 51 66 55 ...
 34 37 48 54 43 14 51 12 ...
 32 78 113 118 91 102 77 81 ...
 112 105 96 111 117 112 110 68 ...
 8 31 63 110 109 123 120 93 ...
 90 78 94 109 109 94 101 82 ...
 20 35 71 112 122 128 99 109 ...
 106 92 86 86 92 96 88 83 ...
 90 99 98 34 8 55 147 89 ...
 28 11 5 6 9 20 64 146 ...
 167 144 181 204 209 211 216 195 ...
 115 46 11 11 12 22 70 194 ...
 211 208 180 213 227 142 170;
 106 114 107 133 147 147 158 166 166 ...
 164 164 164 167 159 155 159 155 ...
 154 159 152 148 133 95 52 45 ...
 44 34 37 37 36 49 56 43 ...
 33 41 38 49 32 10 38 18 ...
 56 80 119 122 113 113 87 90 ...
 105 80 97 123 128 115 107 83 ...
 9 34 65 111 126 125 98 97 ...
 108 92 105 126 115 77 92 80 ...
 18 28 61 113 118 134 108 100 ...
 102 89 84 82 91 94 92 90 ...
 91 95 113 44 5 11 17 9 ...
 4 4 5 13 43 107 151 173 ...
 179 183 196 205 208 210 212 192 ...
 110 47 38 40 33 88 119 176 ...
 210 189 147 206 225 131 186;
 87 90 95 146 153 144 160 167 162 ...
 161 163 162 156 161 158 161 161 ...
 158 156 148 143 132 84 46 40 ...
 57 29 36 25 32 40 45 32 ...
 38 51 58 62 40 12 15 29 ...
 65 94 132 129 127 124 115 115 ...
 114 97 122 126 129 115 118 81 ...
 11 31 75 117 122 118 105 111 ...
 114 105 119 127 112 88 107 93 ...
 20 26 59 110 117 138 133 112 ...
 95 73 69 90 100 104 104 96 ...
 88 94 108 42 10 8 7 5 ...
 5 18 33 95 154 175 167 174 ...
 177 181 194 205 206 208 207 190 ...
 112 97 104 111 77 73 133 171 ...
 166 170 181 187 213 175 188;
 73 76 101 144 145 143 160 161 165 ...
 164 163 162 153 155 157 162 160 ...
 160 152 144 140 120 66 53 46 ...
 51 31 28 24 31 42 45 42 ...
 58 64 68 77 59 18 13 23 ...
 54 116 137 126 126 125 128 127 ...
 123 128 126 125 127 118 118 87 ...
 13 26 69 124 128 122 114 111 ...
 112 104 107 124 110 102 117 112 ...
 35 23 56 102 116 139 142 137 ...
 109 75 100 131 130 134 133 116 ...
 101 106 98 59 66 60 25 9 ...
 8 79 148 166 170 174 163 135 ...
 131 139 173 208 208 208 207 192 ...
 128 118 128 137 66 40 74 162 ...
 158 193 219 212 208 166 189;
 70 78 125 150 149 152 158 161 164 ...
 160 158 161 162 158 156 160 155 ...
 156 147 141 139 88 54 73 61 ...
 43 49 35 30 36 52 55 44 ...
 69 85 93 93 71 14 27 38 ...
 85 126 129 118 127 125 123 126 ...
 130 135 130 129 128 121 118 95 ...
 16 19 56 114 121 95 107 116 ...
 120 112 106 103 99 96 104 118 ...
 50 20 46 82 124 140 136 104 ...
 80 71 85 110 105 107 116 101 ...
 97 98 96 96 128 139 112 46 ...
 16 87 167 166 165 173 172 169 ...
 172 178 194 206 206 205 202 186 ...
 139 145 171 180 163 127 123 177 ...
 197 203 203 206 203 198 185;
 72 82 118 148 149 162 157 162 162 ...
 163 160 162 162 160 157 155 151 ...
 152 146 141 130 68 50 63 64 ...
 50 47 36 47 56 84 74 65 ...
 98 113 109 91 65 10 64 115 ...
 121 126 121 114 124 124 125 127 ...
 121 129 124 131 130 125 126 105 ...
 21 26 59 101 120 101 100 104 ...
 103 113 115 98 102 103 100 104 ...
 57 23 37 69 113 131 129 97 ...
 75 71 89 116 127 123 125 123 ...
 114 119 89 122 172 150 118 84 ...
 57 96 138 115 82 139 168 165 ...
 157 171 194 204 204 203 200 150 ...
 69 76 106 136 174 193 190 189 ...
 194 193 196 203 199 196 186;
 72 85 117 146 152 167 164 162 162 ...
 164 161 159 160 162 155 157 157 ...
 149 141 144 103 47 53 65 67 ...
 68 51 51 67 77 111 109 118 ...
 120 114 107 84 67 12 59 119 ...
 122 121 114 115 125 134 128 120 ...
 113 112 107 124 133 128 130 115 ...
 25 26 72 120 125 122 108 112 ...
 113 122 119 145 132 109 124 107 ...
 50 21 36 67 112 140 146 98 ...
 58 69 120 136 132 126 124 116 ...
 92 117 108 118 153 89 74 70 ...
 66 106 136 63 20 71 154 107 ...
 83 93 178 208 206 206 203 146 ...
 57 50 52 57 120 177 168 167 ...
 178 188 198 202 205 209 189;
 60 87 127 143 159 163 157 156 162 ...
 165 158 155 156 155 147 149 148 ...
 146 146 144 74 47 80 91 98 ...
 95 80 82 92 104 109 112 121 ...
 116 112 120 131 92 13 46 107 ...
 118 114 115 114 113 117 117 112 ...
 116 109 110 112 117 124 127 113 ...
 34 22 71 128 142 136 125 124 ...
 131 124 124 152 149 128 135 119 ...
 83 24 33 65 100 141 150 95 ...
 75 111 152 146 131 110 102 88 ...
 102 105 90 74 119 61 71 69 ...
 69 104 136 57 14 45 157 89 ...
 63 40 142 204 205 202 199 130 ...
 37 30 26 31 135 186 179 164 ...
 139 119 158 187 203 214 196;
 68 86 129 139 163 168 163 159 162 ...
 160 156 152 158 149 143 148 144 ...
 142 151 143 84 58 81 84 108 ...
 103 98 103 111 121 111 112 111 ...
 113 113 110 123 102 16 40 105 ...
 106 104 120 113 103 103 113 118 ...
 115 114 111 102 106 113 128 109 ...
 35 22 71 147 175 154 129 125 ...
 135 138 108 122 160 145 146 142 ...
 113 32 31 63 107 144 157 116 ...
 115 133 146 124 105 101 77 67 ...
 92 69 38 43 69 31 70 73 ...
 76 99 140 111 52 76 171 106 ...
 64 59 156 202 202 199 196 117 ...
 36 22 15 34 153 187 185 180 ...
 166 135 140 156 151 154 202;
 57 94 137 150 169 171 167 161 159 ...
 158 153 158 159 146 147 151 152 ...
 154 156 151 113 76 71 81 105 ...
 106 110 105 116 123 111 119 121 ...
 116 115 105 116 108 22 38 105 ...
 92 103 128 124 111 110 115 116 ...
 115 114 115 109 103 110 121 108 ...
 43 25 90 214 230 169 135 135 ...
 132 153 175 198 209 208 205 176 ...
 133 49 28 74 109 137 143 114 ...
 106 110 115 108 116 101 88 87 ...
 87 65 54 65 26 23 69 78 ...
 82 104 142 142 116 146 155 69 ...
 62 63 164 205 202 199 198 106 ...
 41 31 13 71 178 184 183 181 ...
 157 131 143 151 154 154 198;
 104 126 152 157 168 169 166 166 165 ...
 157 154 160 160 151 155 160 155 ...
 155 154 143 111 80 71 81 107 ...
 117 115 97 113 115 115 112 109 ...
 109 113 110 118 99 18 54 111 ...
 90 107 124 125 120 126 124 123 ...
 122 117 109 114 117 125 118 106 ...
 77 31 86 224 237 180 134 124 ...
 124 166 221 253 254 255 253 197 ...
 136 84 56 91 104 136 122 93 ...
 95 95 103 114 112 88 87 91 ...
 93 78 86 106 41 21 71 79 ...
