function pixels = tower128()
% Image size: [128 x 128]
pixels = [ 1 1 1 1 1 1 1 1 1 ...
 1 1 1 1 1 1 1 1 ...
 1 1 1 1 1 1 1 1 ...
 1 1 1 1 1 1 1 1 ...
 1 1 1 1 1 1 1 1 ...
 1 1 1 1 1 1 1 1 ...
 1 1 1 1 1 1 1 1 ...
 1 2 2 2 2 2 2 2 ...
 2 2 2 2 2 2 2 2 ...
 2 2 2 2 2 2 2 2 ...
 2 2 2 2 2 2 1 1 ...
 1 1 1 1 1 1 1 1 ...
 1 1 1 1 1 1 1 1 ...
 1 1 1 1 1 1 1 1 ...
 1 1 1 1 0 0 0 0 ...
 0 0 0 0 0 0 0;
 1 1 1 1 1 1 1 1 1 ...
 1 1 1 1 1 1 1 1 ...
 1 1 1 1 1 1 1 1 ...
 1 1 1 1 1 1 1 1 ...
 1 1 1 1 1 1 1 1 ...
 1 1 1 1 1 1 1 1 ...
 1 1 1 1 1 1 1 2 ...
 2 2 2 2 2 2 2 2 ...
 2 2 2 2 2 2 2 2 ...
 2 2 2 2 2 2 2 2 ...
 2 2 2 2 2 2 2 2 ...
 2 1 1 1 1 1 1 1 ...
 1 1 1 1 1 1 1 1 ...
 1 1 1 1 1 1 1 1 ...
 1 1 1 1 1 1 0 0 ...
 0 0 0 0 0 0 0;
 1 1 1 1 1 1 1 1 1 ...
 2 2 2 2 2 2 2 1 ...
 1 1 1 1 1 1 1 1 ...
 1 1 1 1 1 1 1 1 ...
 1 1 1 1 1 1 1 1 ...
 1 1 1 1 1 1 1 1 ...
 1 1 2 2 2 2 2 2 ...
 2 2 2 2 2 2 2 2 ...
 2 2 2 2 2 2 2 2 ...
 2 2 2 2 2 2 2 2 ...
 2 2 2 2 2 2 2 2 ...
 2 2 2 2 2 2 2 1 ...
 1 1 1 1 1 1 1 1 ...
 1 1 1 1 1 1 1 1 ...
 1 1 1 1 1 1 1 1 ...
 1 0 0 0 0 0 0;
 3 4 2 10 17 12 7 11 18 ...
 24 19 11 10 8 5 6 5 ...
 4 5 5 4 5 5 5 5 ...
 5 5 4 2 3 3 4 3 ...
 3 3 3 3 3 3 3 3 ...
 3 3 2 3 3 3 3 3 ...
 3 5 6 8 8 7 6 7 ...
 8 7 8 8 8 9 6 7 ...
 8 9 9 9 9 8 10 10 ...
 8 9 10 11 10 8 9 8 ...
 9 9 8 7 6 6 6 5 ...
 6 4 4 5 5 4 4 4 ...
 4 5 5 4 4 3 5 6 ...
 6 6 6 5 5 5 5 5 ...
 4 5 5 4 4 4 3 3 ...
 3 3 2 2 1 1 0;
 15 18 7 56 132 106 59 68 84 ...
 130 169 153 102 66 46 40 33 ...
 31 32 31 28 31 34 33 33 ...
 31 30 21 15 20 22 21 23 ...
 24 22 18 18 21 19 18 18 ...
 16 17 19 19 22 25 21 24 ...
 29 38 45 57 67 66 65 67 ...
 72 71 75 70 72 78 71 75 ...
 76 77 77 78 84 86 93 94 ...
 79 93 99 102 95 87 80 75 ...
 72 71 62 53 55 59 55 47 ...
 50 46 38 44 40 38 40 39 ...
 39 41 44 41 41 40 46 46 ...
 44 43 42 43 43 46 48 50 ...
 46 45 41 41 38 34 30 27 ...
 27 28 24 17 12 13 0;
 27 26 16 25 138 189 127 90 89 ...
 102 141 168 170 165 150 101 72 ...
 50 43 40 39 42 45 43 38 ...
 36 32 22 20 27 28 30 30 ...
 30 30 25 23 23 25 24 21 ...
 20 22 27 28 28 31 30 35 ...
 46 49 57 73 92 101 100 97 ...
 98 103 104 102 102 106 109 111 ...
 113 112 108 113 121 128 131 134 ...
 135 139 141 140 136 129 118 110 ...
 106 96 83 80 88 93 82 75 ...
 78 71 62 58 59 60 64 67 ...
 64 62 61 60 59 57 58 56 ...
 59 60 58 60 60 62 66 69 ...
 66 59 54 52 48 45 39 35 ...
 32 31 29 25 21 20 0;
 37 27 17 8 65 189 189 107 103 ...
 108 126 137 128 114 143 146 183 ...
 160 99 44 35 44 47 43 33 ...
 28 22 20 21 25 28 30 29 ...
 30 30 29 24 23 22 19 18 ...
 19 27 31 25 24 26 29 39 ...
 56 59 68 82 94 98 97 99 ...
 102 105 108 110 112 113 113 114 ...
 118 116 114 121 129 134 138 141 ...
 143 145 144 143 139 134 127 118 ...
 116 104 95 97 96 97 90 83 ...
 78 66 62 63 66 70 75 78 ...
 74 68 62 59 57 55 56 57 ...
 60 61 60 63 63 65 67 69 ...
 66 57 53 49 43 41 35 31 ...
 31 27 25 23 25 29 1;
 47 39 23 13 17 127 208 128 78 ...
 111 147 164 152 104 121 87 129 ...
 165 150 58 24 35 43 37 28 ...
 22 20 21 22 23 25 26 26 ...
 27 27 27 25 22 19 18 18 ...
 21 31 25 21 23 27 31 47 ...
 66 70 76 80 86 88 88 94 ...
 95 97 106 112 114 117 119 119 ...
 121 120 122 127 132 138 141 144 ...
 147 146 146 144 140 138 134 129 ...
 124 116 105 104 100 100 98 89 ...
 77 73 71 72 73 74 78 78 ...
 73 67 60 60 60 56 57 60 ...
 61 58 60 62 66 65 62 59 ...
 56 51 47 43 39 36 31 29 ...
 29 26 24 23 23 26 1;
 36 31 21 18 8 46 162 150 66 ...
 64 86 130 168 127 128 115 144 ...
 161 166 74 44 79 49 36 43 ...
 26 21 23 24 24 24 24 24 ...
 26 27 26 25 20 19 18 19 ...
 20 22 21 23 26 30 37 54 ...
 68 69 73 72 78 80 85 93 ...
 92 94 105 110 114 121 122 123 ...
 125 126 127 132 136 140 143 145 ...
 147 146 145 143 141 140 137 133 ...
 128 122 113 107 103 101 102 93 ...
 80 76 75 77 76 73 74 70 ...
 65 64 58 60 64 59 54 58 ...
 57 54 56 60 66 63 58 52 ...
 50 47 42 37 32 31 32 30 ...
 27 24 24 24 21 21 22;
 36 31 23 17 12 12 101 181 135 ...
 114 114 97 114 115 103 117 148 ...
 168 165 93 46 71 62 31 56 ...
 35 47 63 37 27 26 24 24 ...
 25 25 24 23 19 18 19 20 ...
 21 22 22 23 27 30 40 56 ...
 69 70 73 74 75 74 80 93 ...
 95 99 107 112 116 123 124 126 ...
 128 131 131 135 137 140 142 144 ...
 145 144 143 142 141 139 135 134 ...
 130 123 116 109 105 104 104 92 ...
 80 78 77 77 78 76 72 65 ...
 64 62 58 60 65 58 51 54 ...
 56 56 53 53 54 49 46 51 ...
 51 40 37 34 30 31 31 29 ...
 26 24 23 23 20 20 58;
 36 32 26 21 17 9 35 162 207 ...
 138 119 120 145 147 139 125 120 ...
 117 126 102 55 50 55 53 78 ...
 78 61 92 126 95 51 37 29 ...
 24 22 21 21 19 19 19 20 ...
 22 22 23 23 24 29 39 52 ...
 66 68 68 73 72 63 76 95 ...
 102 106 112 114 117 121 126 128 ...
 131 133 132 135 136 139 139 141 ...
 141 140 139 141 141 139 136 135 ...
 132 126 118 112 108 108 105 96 ...
 87 82 79 78 79 79 71 63 ...
 58 58 57 56 58 54 49 52 ...
 55 57 49 47 42 36 36 42 ...
 44 33 31 31 32 34 31 26 ...
 25 23 21 20 20 17 60;
 62 52 38 26 18 15 9 75 180 ...
 160 91 84 112 129 142 163 179 ...
 142 99 94 75 58 45 41 99 ...
 84 83 120 145 135 66 56 60 ...
 52 34 24 20 19 19 20 20 ...
 22 23 23 23 24 29 38 43 ...
 57 67 73 76 76 74 85 100 ...
 107 110 114 118 121 124 126 128 ...
 131 132 131 134 135 138 137 137 ...
 136 136 135 138 139 139 138 135 ...
 133 129 123 117 112 110 107 100 ...
 92 87 80 74 76 74 66 63 ...
 62 63 59 55 58 55 50 53 ...
 55 57 48 49 49 42 39 38 ...
 37 30 29 33 37 35 30 26 ...
 25 24 21 18 18 18 60;
 82 79 77 55 33 19 9 29 104 ...
 88 68 62 70 97 114 127 157 ...
 163 132 138 98 55 54 59 72 ...
 73 70 160 169 172 97 71 70 ...
 67 57 49 49 48 33 23 28 ...
 22 22 21 23 25 30 38 41 ...
 53 71 80 83 79 82 89 101 ...
 108 113 115 119 122 124 125 127 ...
 129 129 128 130 132 133 132 132 ...
 131 129 129 134 135 134 133 131 ...
 130 127 124 119 114 111 109 102 ...
 96 89 82 76 74 69 67 68 ...
 68 69 60 54 56 60 59 58 ...
 58 56 53 56 52 48 48 51 ...
 46 40 38 41 40 33 26 27 ...
 26 26 25 21 22 21 61;
 79 81 85 72 57 34 17 29 120 ...
 157 124 85 70 62 65 87 101 ...
 126 105 105 92 63 51 79 79 ...
 69 59 137 186 230 201 173 135 ...
 99 75 59 61 98 130 83 35 ...
 22 30 22 23 29 36 38 42 ...
 54 71 82 83 81 81 87 101 ...
 106 111 113 116 118 121 123 125 ...
 125 125 124 125 125 125 125 124 ...
 122 122 123 127 126 125 123 120 ...
 119 119 118 118 115 113 110 102 ...
 98 91 83 79 77 77 74 71 ...
 76 74 64 58 62 68 65 60 ...
 55 52 52 49 45 48 50 54 ...
 56 52 47 44 41 32 27 28 ...
 29 28 26 26 24 20 62;
 65 69 83 82 89 69 29 34 128 ...
 156 138 90 49 55 51 48 58 ...
 79 80 76 73 64 50 58 59 ...
 60 79 93 140 160 183 223 242 ...
 171 129 125 106 103 146 122 32 ...
 41 53 30 26 28 32 32 39 ...
 49 60 78 85 83 81 84 96 ...
 103 107 109 112 114 118 122 122 ...
 120 119 118 116 109 108 108 110 ...
 109 110 114 117 117 112 102 100 ...
 103 104 106 109 111 112 108 100 ...
 97 91 85 80 78 77 71 71 ...
 75 77 75 73 77 76 69 59 ...
 51 47 47 47 48 52 53 56 ...
 60 59 54 51 44 34 31 32 ...
 33 32 26 26 24 20 64;
 60 63 73 78 88 82 64 42 95 ...
 100 117 108 60 37 33 38 57 ...
 94 113 67 72 46 48 61 31 ...
 42 83 57 105 161 141 139 188 ...
 230 223 224 221 202 229 200 64 ...
 27 29 40 26 31 25 25 34 ...
 46 56 73 82 77 77 80 88 ...
 95 103 107 109 109 114 119 119 ...
 116 115 112 105 91 83 81 85 ...
 83 90 94 98 94 83 77 69 ...
 83 88 86 92 102 106 103 98 ...
 92 90 86 80 79 75 73 75 ...
 77 80 82 83 83 81 75 64 ...
 56 50 50 50 53 55 55 60 ...
 63 64 63 61 53 45 43 38 ...
 38 35 30 29 28 25 65;
 50 55 73 80 65 63 72 57 72 ...
 62 71 85 76 45 40 37 40 ...
 46 45 28 87 25 88 113 66 ...
 37 50 57 48 115 151 178 156 ...
 192 181 148 179 222 238 236 95 ...
 19 26 38 43 44 31 25 30 ...
 44 51 61 71 74 78 81 83 ...
 89 96 103 106 104 109 115 114 ...
 108 106 106 98 84 65 49 55 ...
 57 62 65 65 60 49 52 47 ...
 58 66 68 82 92 93 96 94 ...
 90 82 81 79 76 75 75 75 ...
 78 83 85 84 84 84 78 74 ...
 67 62 58 51 50 49 55 59 ...
 64 66 68 66 62 60 56 45 ...
 37 33 31 32 33 33 66;
 34 30 16 25 51 55 61 44 45 ...
 54 58 74 80 63 59 49 45 ...
 34 12 18 21 10 56 105 90 ...
 40 36 63 41 52 100 134 153 ...
