function pixels = vapzoom128()
% Image size: [128 x 128]
pixels = [ 75 72 74 74 78 79 78 77 77 ...
 75 77 77 76 77 77 79 78 ...
 78 79 82 79 76 77 79 79 ...
 81 81 80 79 79 79 78 78 ...
 79 79 77 76 79 78 79 77 ...
 77 76 78 80 79 79 78 80 ...
 79 81 81 78 80 79 79 78 ...
 80 80 77 78 79 77 79 77 ...
 79 80 78 79 78 76 78 79 ...
 80 78 78 78 81 80 78 74 ...
 76 77 79 78 77 77 79 79 ...
 79 80 82 80 80 78 79 77 ...
 79 77 77 76 78 76 75 75 ...
 73 74 75 75 75 96 155 168 ...
 168 169 171 173 175 174 169 164 ...
 160 156 152 148 143 139 77;
 77 74 75 75 76 78 77 75 77 ...
 75 78 80 79 76 77 80 79 ...
 78 79 80 80 74 77 79 78 ...
 80 79 77 79 78 78 78 76 ...
 77 78 77 77 79 78 79 77 ...
 77 78 79 80 82 81 79 80 ...
 81 82 80 79 79 80 80 79 ...
 80 82 80 81 79 79 82 80 ...
 79 81 79 79 78 78 78 78 ...
 79 77 78 79 79 80 81 79 ...
 78 77 79 77 77 79 76 77 ...
 76 77 82 82 80 76 77 77 ...
 78 78 74 76 78 77 78 78 ...
 76 73 74 75 73 110 161 169 ...
 169 169 171 173 174 173 170 163 ...
 159 155 151 146 142 139 77;
 74 73 74 75 76 75 75 75 75 ...
 76 79 79 79 77 79 82 78 ...
 78 76 79 78 76 80 80 80 ...
 79 78 78 79 78 79 79 76 ...
 77 79 81 80 78 77 81 78 ...
 77 78 79 78 79 79 77 79 ...
 80 84 82 78 77 80 82 79 ...
 77 78 78 78 79 78 80 78 ...
 80 79 79 78 81 78 76 78 ...
 79 78 79 79 78 79 81 81 ...
 78 79 79 78 78 77 76 78 ...
 79 78 82 81 79 76 76 77 ...
 78 78 73 74 76 77 77 77 ...
 77 74 74 76 76 127 163 168 ...
 169 169 171 173 174 173 169 164 ...
 158 154 149 146 142 137 76;
 72 72 74 73 73 74 77 77 77 ...
 79 77 77 76 77 76 76 77 ...
 77 77 78 77 78 78 81 81 ...
 79 80 77 78 76 77 77 76 ...
 76 80 82 77 76 79 80 80 ...
 78 80 77 75 77 77 78 77 ...
 77 81 82 80 79 81 83 80 ...
 78 81 79 81 80 78 81 77 ...
 80 79 79 78 80 80 79 80 ...
 81 79 79 79 76 77 80 78 ...
 75 76 78 77 75 76 77 76 ...
 79 78 79 79 78 79 79 78 ...
 76 78 77 76 76 76 78 77 ...
 75 74 75 77 82 141 165 167 ...
 169 170 171 174 174 173 168 163 ...
 159 155 149 146 142 137 78;
 72 74 75 76 75 77 73 74 75 ...
 76 76 77 77 77 76 75 77 ...
 78 78 76 76 78 78 77 78 ...
 81 82 78 77 77 79 78 75 ...
 75 80 81 76 77 78 77 78 ...
 78 78 76 76 77 76 77 81 ...
 79 77 78 78 78 78 79 77 ...
 76 77 79 80 80 78 77 77 ...
 78 80 80 79 80 78 77 78 ...
 78 79 77 77 77 78 80 77 ...
 77 75 77 76 74 77 74 76 ...
 78 76 78 77 79 78 80 75 ...
 78 80 80 80 76 75 75 74 ...
 74 74 74 75 92 153 167 166 ...
 168 170 171 172 173 172 168 162 ...
 157 151 148 143 139 136 79;
 73 74 74 75 73 76 73 73 75 ...
 75 76 76 78 76 73 74 75 ...
 77 77 76 77 78 77 77 79 ...
 80 79 77 77 77 79 80 78 ...
 79 83 83 78 79 78 77 79 ...
 76 75 78 78 79 78 79 80 ...
 79 77 77 78 75 76 79 78 ...
 76 78 78 80 79 74 75 76 ...
 78 79 80 78 78 75 75 77 ...
 74 75 76 78 77 78 77 78 ...
 75 77 78 76 75 75 74 75 ...
 77 77 77 79 79 79 79 76 ...
 77 79 80 77 78 74 72 75 ...
 74 74 73 74 106 159 167 166 ...
 168 170 172 173 173 171 167 160 ...
 157 152 148 144 140 136 82;
 75 74 75 74 72 73 73 72 74 ...
 74 76 75 74 75 75 76 77 ...
 80 77 75 76 78 76 76 75 ...
 77 76 76 77 78 78 80 78 ...
 78 79 76 78 78 78 77 77 ...
 74 77 79 78 78 77 78 80 ...
 79 79 81 79 75 80 80 78 ...
 78 80 79 79 80 76 78 77 ...
 81 81 78 78 80 78 76 75 ...
 75 77 77 78 78 75 78 77 ...
 76 77 80 80 76 75 75 75 ...
 78 76 74 77 78 77 77 77 ...
 78 79 80 78 80 76 75 76 ...
 75 74 73 75 123 162 166 167 ...
 168 170 172 174 174 170 165 160 ...
 155 151 147 143 139 135 83;
 74 75 76 72 72 74 73 73 75 ...
 75 76 77 75 75 76 75 77 ...
 77 78 74 74 75 77 77 78 ...
 76 75 77 76 76 78 77 76 ...
 76 79 76 77 76 74 75 77 ...
 76 78 78 76 73 75 76 79 ...
 78 77 79 77 77 79 78 80 ...
 80 79 77 78 79 78 78 76 ...
 79 77 77 77 79 75 76 76 ...
 76 79 76 76 77 77 77 79 ...
 76 76 78 80 79 76 75 76 ...
 77 77 76 77 77 77 78 79 ...
 78 75 78 78 80 75 77 78 ...
 75 76 76 83 138 163 167 168 ...
 169 171 171 173 172 170 165 159 ...
 155 150 146 142 138 134 83;
 72 74 76 71 72 73 74 76 73 ...
 76 76 76 74 76 76 76 78 ...
 76 77 75 75 75 78 78 76 ...
 76 79 80 80 80 81 78 78 ...
 78 78 77 79 79 75 78 79 ...
 80 80 77 73 75 77 77 78 ...
 79 79 78 77 79 77 75 78 ...
 79 78 77 78 77 78 78 79 ...
 77 75 77 75 76 75 77 77 ...
 76 77 76 77 76 76 79 77 ...
 76 77 77 78 76 74 74 76 ...
 78 76 75 77 76 78 79 77 ...
 78 77 78 77 77 75 77 78 ...
 75 75 75 93 151 165 166 168 ...
 170 172 173 173 173 169 165 160 ...
 155 150 146 142 138 135 83;
 73 73 74 71 71 73 75 77 75 ...
 76 75 73 72 76 75 74 77 ...
 78 76 77 76 76 77 78 79 ...
 78 79 78 78 78 78 78 76 ...
 78 77 76 78 81 76 76 78 ...
 80 80 78 76 77 79 79 78 ...
 81 81 78 77 78 77 78 78 ...
 81 80 78 80 76 76 77 79 ...
 78 79 80 78 76 77 77 77 ...
 76 76 76 78 78 77 78 76 ...
 76 77 78 76 74 75 75 76 ...
 75 74 74 75 75 76 80 78 ...
 75 78 79 77 75 74 74 74 ...
 74 74 75 106 157 165 167 167 ...
 169 171 174 174 171 167 163 159 ...
 154 149 146 143 139 133 82;
 70 71 74 73 74 74 75 77 77 ...
 76 76 72 72 73 74 74 76 ...
 78 76 79 77 77 78 78 77 ...
 76 77 74 74 77 76 77 77 ...
 76 77 76 77 82 79 75 77 ...
 76 78 76 76 75 78 79 76 ...
 79 77 80 82 79 79 79 80 ...
 79 78 78 77 76 76 77 77 ...
 78 79 78 78 79 76 77 78 ...
 77 77 75 77 77 74 75 77 ...
 78 78 76 77 78 76 75 77 ...
 76 74 75 77 76 77 80 78 ...
 78 78 79 75 77 76 75 73 ...
 72 75 75 122 160 165 166 166 ...
 168 171 173 173 170 166 163 157 ...
 153 148 145 141 137 133 84;
 69 71 71 73 76 73 74 77 77 ...
 77 75 74 74 75 77 75 76 ...
 76 74 76 77 79 78 79 79 ...
 78 78 77 75 75 77 78 76 ...
 76 76 76 77 80 78 78 75 ...
 76 77 77 77 77 78 79 76 ...
 76 74 77 78 76 75 76 78 ...
 78 77 77 77 76 75 74 75 ...
 77 78 77 80 80 78 75 75 ...
 75 72 74 75 76 74 75 76 ...
 79 79 76 78 77 76 74 76 ...
 80 75 76 75 74 75 79 75 ...
 77 77 76 75 76 76 77 76 ...
 75 77 81 137 161 164 165 166 ...
 169 170 173 172 170 166 161 156 ...
 153 149 146 140 136 132 82;
 72 69 70 73 75 73 71 75 76 ...
 76 75 74 75 73 74 75 76 ...
 74 76 75 78 75 78 81 79 ...
 78 76 80 80 79 78 78 76 ...
 76 76 74 77 79 76 77 77 ...
 74 75 76 76 78 79 79 78 ...
 78 75 77 76 75 75 76 79 ...
 77 78 79 78 76 75 76 77 ...
 77 77 78 78 78 76 76 74 ...
 73 74 73 76 76 74 76 76 ...
 78 77 76 74 76 75 74 73 ...
 75 75 75 72 76 76 75 76 ...
 76 76 77 74 77 78 75 77 ...
 75 76 90 149 164 165 165 167 ...
 169 171 173 172 169 165 160 155 ...
 151 146 143 140 136 132 80;
 69 73 74 74 76 77 73 74 74 ...
 76 75 76 76 72 74 76 75 ...
 73 73 75 77 75 76 78 77 ...
 78 77 79 80 81 77 77 74 ...
 75 75 74 76 78 75 74 76 ...
 74 75 78 76 77 78 78 80 ...
 79 75 74 74 76 78 77 76 ...
 77 79 78 78 76 78 78 79 ...
 77 76 78 77 77 77 75 75 ...
 74 74 74 74 75 72 75 77 ...
 78 76 73 72 73 74 76 74 ...
 74 73 78 73 76 76 74 76 ...
 77 76 76 77 78 76 74 76 ...
 74 74 104 156 165 165 165 167 ...
 169 170 172 172 167 162 160 155 ...
 150 146 143 139 134 131 78;
 72 74 77 76 76 75 73 75 75 ...
 75 75 75 76 74 76 77 77 ...
 72 75 74 77 77 76 78 78 ...
 77 76 76 79 79 78 74 74 ...
 76 76 76 76 76 73 75 78 ...
 76 75 76 73 75 79 78 80 ...
 78 77 76 74 77 78 76 73 ...
 76 78 78 79 78 77 78 77 ...
 77 77 77 78 78 75 75 75 ...
 75 76 75 75 75 72 75 76 ...
 76 76 73 71 73 74 77 77 ...
 75 72 77 74 76 77 74 77 ...
 75 74 75 78 78 74 76 76 ...
 76 78 119 159 165 165 167 168 ...
 170 171 173 171 167 162 159 154 ...
 150 146 143 138 133 131 78;
 71 74 76 73 76 75 74 74 75 ...
 74 74 74 75 75 76 80 78 ...
 73 74 77 77 78 78 78 81 ...
 77 76 76 77 79 80 74 75 ...
 79 78 76 75 76 73 77 77 ...
 77 76 78 78 78 81 77 80 ...
 78 76 76 76 77 79 77 76 ...
 78 79 78 78 77 75 76 74 ...
 78 78 77 76 74 75 77 77 ...
 75 78 76 75 76 76 77 76 ...
 74 75 76 74 74 74 76 79 ...
 78 78 80 76 75 75 75 75 ...
 75 74 76 78 77 76 76 75 ...
 78 86 136 161 166 166 167 169 ...
 170 172 173 171 168 163 159 154 ...
 150 146 142 138 134 131 79;
 71 73 75 74 74 75 73 73 74 ...
 74 73 75 75 74 73 77 76 ...
 71 73 75 72 74 77 77 80 ...
 79 75 75 77 77 76 72 73 ...
 77 75 76 75 74 74 77 78 ...
 76 76 78 78 79 79 77 79 ...
 78 77 77 77 76 79 77 78 ...
 80 79 77 78 77 76 76 73 ...
 76 77 78 76 74 74 76 76 ...
