function pixels = vistasbackpack128()
% Image size: [128 x 128]
pixels = [ 1 1 1 1 1 1 1 1 1 ...
 1 1 1 1 1 1 1 1 ...
 1 1 1 1 1 1 1 1 ...
 1 1 1 1 1 1 1 1 ...
 1 1 1 1 1 1 1 1 ...
 1 1 1 1 1 1 1 1 ...
 1 1 1 1 1 1 1 1 ...
 1 1 1 1 1 1 1 1 ...
 1 1 1 1 1 1 1 1 ...
 1 1 1 1 1 1 1 1 ...
 1 1 1 1 1 1 1 1 ...
 1 1 1 1 1 1 1 1 ...
 1 1 1 1 1 1 1 1 ...
 1 1 1 1 1 1 1 1 ...
 1 1 1 1 1 1 1 1 ...
 1 1 1 1 1 1 0;
 1 1 1 1 1 1 1 1 1 ...
 1 1 1 1 1 1 1 1 ...
 1 1 1 1 1 1 1 1 ...
 1 1 1 1 1 1 1 1 ...
 1 1 1 1 1 1 1 1 ...
 1 1 1 1 1 1 1 1 ...
 1 1 1 1 1 1 1 1 ...
 1 1 1 1 1 1 1 1 ...
 1 1 1 1 1 1 1 1 ...
 1 1 1 1 1 1 1 1 ...
 1 1 1 1 1 1 1 1 ...
 1 1 1 1 1 1 1 1 ...
 1 1 1 1 1 1 1 1 ...
 1 1 1 1 1 1 1 1 ...
 1 1 1 1 1 1 1 1 ...
 1 1 1 1 1 1 0;
 2 1 1 2 2 2 1 1 1 ...
 1 1 1 1 1 1 1 1 ...
 1 1 1 1 1 1 1 1 ...
 1 1 1 1 1 1 1 1 ...
 1 1 1 1 1 1 1 1 ...
 1 1 1 1 1 1 1 1 ...
 1 1 1 1 1 1 1 1 ...
 1 1 1 1 1 1 1 1 ...
 1 1 1 1 1 1 1 1 ...
 1 1 1 1 1 1 1 1 ...
 1 1 1 1 1 1 1 1 ...
 1 1 1 1 1 1 1 1 ...
 1 1 1 1 1 1 1 1 ...
 1 1 1 1 1 1 1 1 ...
 1 1 1 1 1 1 1 1 ...
 1 1 1 1 1 1 0;
 2 2 2 2 2 2 2 2 2 ...
 2 2 2 2 2 2 2 2 ...
 2 2 2 2 2 2 2 2 ...
 2 2 2 2 2 2 2 2 ...
 2 2 2 2 2 2 2 2 ...
 2 2 2 2 2 2 2 2 ...
 2 2 2 2 2 2 2 2 ...
 2 2 2 2 2 2 2 2 ...
 2 2 2 2 2 2 2 2 ...
 1 1 1 1 1 1 1 1 ...
 1 1 1 1 1 1 1 1 ...
 1 1 1 1 1 1 1 1 ...
 1 1 1 1 1 1 1 1 ...
 1 1 1 1 1 1 1 1 ...
 1 1 1 1 1 1 1 1 ...
 1 1 1 1 1 1 0;
 2 2 2 2 2 2 2 2 2 ...
 2 2 2 2 2 2 2 2 ...
 2 2 2 2 2 2 2 2 ...
 2 2 2 2 2 2 2 2 ...
 2 2 2 2 2 2 2 2 ...
 2 2 2 2 2 2 2 2 ...
 2 2 2 2 2 2 2 2 ...
 2 2 2 2 2 2 2 2 ...
 2 2 2 2 2 2 2 2 ...
 2 2 2 2 2 2 2 2 ...
 2 2 2 2 2 2 2 2 ...
 2 2 2 2 2 2 2 2 ...
 2 2 2 2 2 1 1 1 ...
 1 1 1 1 1 1 1 1 ...
 1 1 1 1 1 1 1 1 ...
 1 1 1 1 1 1 0;
 24 24 24 24 24 24 24 24 24 ...
 23 24 23 23 23 23 23 23 ...
 22 22 23 22 22 22 22 21 ...
 22 22 21 21 21 21 21 21 ...
 21 20 20 21 20 21 20 20 ...
 20 20 19 19 19 19 19 19 ...
 18 18 18 18 18 18 18 18 ...
 17 17 17 17 17 17 17 17 ...
 16 16 16 16 15 15 15 15 ...
 15 15 15 15 14 15 14 14 ...
 14 14 13 13 13 13 13 13 ...
 12 12 12 12 12 12 12 12 ...
 11 11 11 11 11 11 11 11 ...
 11 10 10 10 10 10 10 9 ...
 9 9 9 9 9 9 8 8 ...
 8 8 8 8 7 7 0;
 53 54 55 55 55 54 55 54 55 ...
 55 54 54 54 54 54 54 54 ...
 54 54 54 54 54 53 53 54 ...
 53 53 53 53 53 53 53 53 ...
 53 53 53 54 53 53 53 53 ...
 53 53 52 52 52 52 51 51 ...
 51 51 51 51 52 52 51 51 ...
 51 51 51 51 51 51 50 50 ...
 50 50 49 49 48 49 49 48 ...
 48 48 48 48 48 48 48 47 ...
 47 47 47 47 46 46 46 46 ...
 45 45 45 44 44 44 43 43 ...
 43 43 42 42 42 42 42 42 ...
 42 42 41 41 41 41 41 40 ...
 40 40 40 39 39 39 38 38 ...
 38 37 37 36 36 35 0;
 54 56 56 56 56 56 56 56 56 ...
 56 55 56 56 56 56 55 56 ...
 55 55 55 55 55 55 55 55 ...
 55 55 55 55 55 55 55 55 ...
 55 55 55 55 55 55 55 55 ...
 55 55 54 54 54 54 54 54 ...
 54 53 54 54 54 54 54 54 ...
 53 53 53 54 53 53 53 53 ...
 53 53 52 52 52 52 52 51 ...
 52 52 51 51 51 51 51 51 ...
 51 50 50 50 50 50 49 49 ...
 48 49 48 48 48 47 47 47 ...
 47 46 46 46 46 46 46 46 ...
 46 46 45 45 45 45 45 45 ...
 45 44 44 44 44 43 43 43 ...
 42 42 42 41 41 41 2;
 55 57 57 57 57 57 57 57 57 ...
 57 57 56 56 56 56 56 56 ...
 56 56 56 56 55 56 56 56 ...
 55 55 56 56 55 56 55 55 ...
 56 56 56 56 56 56 55 56 ...
 55 55 55 55 55 55 55 55 ...
 55 55 55 55 54 54 55 55 ...
 54 54 54 54 54 54 54 53 ...
 53 53 53 53 52 53 52 52 ...
 52 52 52 52 52 52 52 51 ...
 51 51 51 51 50 50 50 49 ...
 49 50 49 49 49 49 48 48 ...
 47 47 47 47 47 47 46 46 ...
 46 46 45 45 45 45 45 45 ...
 45 45 44 44 44 44 43 43 ...
 43 43 42 42 41 41 19;
 57 58 58 58 58 58 59 58 57 ...
 58 57 57 57 57 57 57 57 ...
 57 56 56 56 56 56 56 56 ...
 56 56 56 56 56 56 56 56 ...
 56 56 56 56 56 56 56 56 ...
 56 56 56 56 56 56 56 56 ...
 56 56 56 56 55 56 55 55 ...
 56 55 55 56 55 55 55 54 ...
 54 54 54 53 53 53 53 53 ...
 53 52 52 52 52 52 52 52 ...
 52 52 51 51 51 51 50 50 ...
 50 50 50 50 49 49 49 48 ...
 48 48 48 47 48 47 47 46 ...
 46 46 46 46 45 45 45 45 ...
 45 45 44 44 44 44 44 43 ...
 43 42 42 42 42 41 21;
 59 60 59 60 59 59 61 59 59 ...
 59 58 58 57 57 58 58 58 ...
 57 57 57 57 57 57 57 57 ...
 57 57 57 57 57 57 57 57 ...
 57 57 57 57 57 57 57 57 ...
 57 57 57 57 56 57 57 57 ...
 56 56 57 56 56 56 56 56 ...
 56 56 56 56 56 55 55 55 ...
 55 55 54 54 54 54 54 53 ...
 54 53 53 53 53 53 53 53 ...
 52 52 52 52 51 51 51 51 ...
 51 50 50 50 49 49 49 49 ...
 49 49 48 48 48 48 47 47 ...
 47 47 46 46 46 45 45 44 ...
 45 45 45 45 44 44 44 44 ...
 43 43 43 42 42 42 21;
 84 75 63 61 60 60 62 61 61 ...
 60 60 59 58 58 58 58 58 ...
 58 58 58 58 58 58 58 58 ...
 57 58 58 58 58 58 58 58 ...
 58 57 58 58 58 58 58 58 ...
 58 57 57 58 57 57 58 57 ...
 57 57 57 57 57 57 57 57 ...
 56 56 57 57 56 56 55 55 ...
 56 55 55 55 54 55 54 54 ...
 54 54 53 54 53 54 53 53 ...
 53 53 52 52 52 52 52 51 ...
 51 51 51 50 50 50 50 49 ...
 49 49 49 49 48 48 48 48 ...
 48 47 47 47 46 46 45 45 ...
 45 45 45 45 45 45 44 44 ...
 44 44 43 43 42 42 16;
 108 113 93 74 63 62 64 66 64 ...
 61 60 60 60 59 59 59 59 ...
 59 59 59 59 59 59 59 59 ...
 59 59 59 59 58 59 59 59 ...
 59 58 59 58 59 59 59 59 ...
 59 58 58 59 58 58 58 58 ...
 58 58 58 58 58 58 58 58 ...
 57 57 57 57 57 57 56 56 ...
 56 56 56 56 55 55 55 55 ...
 55 54 54 54 54 54 54 54 ...
 54 53 53 53 52 52 52 52 ...
 52 51 51 51 51 51 50 50 ...
 49 49 49 49 49 49 49 48 ...
 48 48 47 47 46 46 46 46 ...
 45 45 45 45 45 45 45 45 ...
 45 44 44 44 43 43 8;
 123 144 130 112 91 89 83 71 68 ...
 65 62 61 61 60 60 60 60 ...
 60 60 60 60 59 60 60 60 ...
 60 60 60 60 59 59 59 60 ...
 59 59 59 59 59 59 59 59 ...
 59 59 59 59 59 59 59 59 ...
 59 58 59 59 59 59 58 59 ...
 58 58 58 58 57 58 57 57 ...
 57 57 57 56 56 56 56 55 ...
 55 55 55 55 55 55 55 54 ...
 54 54 54 53 53 53 53 52 ...
 52 52 52 52 51 51 51 51 ...
 50 50 50 50 49 50 49 49 ...
 49 48 48 48 47 47 46 46 ...
 46 46 45 46 45 45 45 45 ...
 45 45 45 44 44 44 16;
 132 159 150 144 134 129 127 97 70 ...
 64 62 62 62 61 61 61 61 ...
 61 61 61 60 60 61 61 60 ...
 60 61 61 60 60 60 60 61 ...
 60 60 60 60 60 60 60 60 ...
 60 60 60 60 60 60 60 60 ...
 60 59 59 59 60 60 59 59 ...
 59 59 58 59 58 58 58 57 ...
 58 57 57 57 57 57 57 56 ...
 56 56 56 56 55 55 55 55 ...
 55 54 54 53 53 53 53 53 ...
 53 52 52 52 52 52 52 51 ...
 51 50 50 50 50 50 49 49 ...
 50 49 48 48 48 47 47 47 ...
 46 46 46 46 45 46 46 45 ...
 45 45 45 45 44 44 15;
 136 166 158 148 145 144 139 120 84 ...
 65 63 63 63 62 62 62 62 ...
 62 62 62 61 61 62 62 61 ...
 62 62 62 62 61 61 61 61 ...
 61 61 61 61 61 61 61 61 ...
 61 61 61 61 61 61 61 60 ...
 61 60 60 60 60 60 60 60 ...
 60 60 60 60 59 59 59 59 ...
 58 58 58 57 57 57 57 57 ...
 57 57 56 56 56 56 56 55 ...
 55 55 55 54 54 54 54 53 ...
 53 53 53 53 53 52 52 52 ...
 51 51 51 51 50 50 50 50 ...
 50 50 49 49 49 48 48 47 ...
 47 47 46 47 46 46 46 46 ...
 46 45 45 45 45 44 14;
 138 172 164 153 142 142 137 117 92 ...
 71 66 64 64 63 63 63 63 ...
 63 63 63 63 62 62 62 63 ...
 62 62 62 62 62 62 63 62 ...
 62 62 62 62 62 62 62 62 ...
 62 62 62 62 62 62 62 61 ...
 62 61 62 62 61 62 61 61 ...
 61 62 61 61 60 60 60 60 ...
 60 59 59 58 58 58 58 58 ...
 58 57 57 57 57 57 57 56 ...
 56 56 55 55 55 55 55 54 ...
 54 54 54 54 54 53 53 53 ...
 53 52 52 51 51 51 51 51 ...
 51 51 50 50 49 49 48 48 ...
 47 48 48 48 47 47 47 46 ...
 46 46 45 45 45 45 12;
 136 168 162 152 142 130 114 101 97 ...
 95 88 78 70 68 68 65 64 ...
 64 63 63 64 63 63 63 64 ...
 64 64 64 64 64 64 64 64 ...
 64 63 64 63 63 63 64 63 ...
 63 63 63 63 63 63 63 63 ...
 63 62 62 63 62 63 63 62 ...
 62 62 62 62 61 61 61 60 ...
 60 60 60 59 59 59 59 59 ...
 59 58 58 58 58 58 58 57 ...
 57 57 56 56 56 56 55 55 ...
 55 55 55 54 54 54 54 53 ...
 54 53 53 53 52 52 52 51 ...
 52 51 51 50 50 50 49 49 ...
 49 49 48 48 47 47 47 47 ...
 47 46 46 46 45 45 9;
 132 158 151 144 141 129 113 102 100 ...
 109 127 128 94 89 81 67 65 ...
 66 65 65 65 64 65 64 64 ...
 65 64 64 65 64 65 65 64 ...
 65 64 65 64 64 64 64 64 ...
 64 64 64 64 64 64 64 64 ...
 64 64 63 64 64 64 63 63 ...
 63 63 63 63 62 61 62 62 ...
